21.390000
21.641667
19.610000
16.720000
13.803333
11.446667
10.475000
10.835000
15.445000
26.833333
41.528333
54.306667
61.250000
57.470000
43.113333
36.055000
32.805000
29.691667
31.695000
32.695000
35.916667
36.638333
29.250000
21.448333
15.443333
11.191667
8.666667
8.585000
9.275000
11.138333
16.946667
26.496667
32.638333
42.861667
50.031667
50.416667
47.668333
44.141667
45.528333
44.390000
35.750000
32.081667
32.638333
33.278333
39.333333
41.530000
30.916667
22.030000
17.611667
12.056667
9.363333
10.168333
10.251667
11.280000
16.920000
27.331667
37.218333
44.083333
48.138333
45.278333
43.221667
40.746667
42.720000
41.500000
37.581667
33.475000
30.305000
34.723333
41.778333
41.638333
31.555000
24.915000
17.775000
13.638333
10.361667
11.086667
11.780000
12.696667
18.973333
28.721667
38.083333
45.415000
49.391667
46.975000
43.278333
41.530000
42.666667
42.526667
37.136667
33.996667
31.055000
32.390000
39.193333
42.278333
32.443333
23.386667
18.331667
12.640000
10.085000
9.248333
9.861667
10.750000
16.970000
28.223333
40.306667
50.443333
53.251667
47.473333
42.058333
39.583333
43.613333
45.081667
40.805000
38.670000
34.721667
26.725000
25.806667
30.555000
29.778333
24.750000
20.666667
14.835000
10.916667
10.388333
11.000000
12.055000
14.113333
17.530000
29.835000
52.278333
70.138333
70.806667
61.250000
48.030000
36.751667
33.501667
32.056667
29.556667
28.971667
30.443333
32.003333
34.166667
29.110000
23.056667
18.638333
13.890000
10.805000
9.830000
9.643333
9.448333
11.196667
15.831667
27.526667
47.336667
59.083333
57.030000
51.670000
49.331667
46.358333
47.530000
37.943333
35.525000
33.223333
31.360000
34.056667
35.361667
29.720000
22.996667
18.331667
14.000000
10.528333
9.888333
9.193333
8.886667
9.828333
13.496667
23.613333
42.500000
59.638333
65.613333
59.193333
52.443333
45.415000
42.641667
36.085000
32.446667
36.086667
38.191667
42.833333
39.945000
29.805000
24.415000
16.861667
10.778333
9.668333
8.918333
10.613333
14.503333
24.583333
41.000000
45.503333
42.668333
44.336667
43.363333
43.583333
40.030000
44.196667
39.778333
34.333333
32.636667
32.941667
36.475000
44.055000
45.081667
33.501667
22.670000
15.721667
11.111667
9.338333
9.306667
9.946667
11.555000
20.303333
36.945000
43.918333
40.720000
41.611667
41.808333
40.555000
39.390000
44.418333
39.195000
32.753333
30.110000
34.220000
40.471667
48.248333
46.720000
34.835000
23.303333
16.333333
10.863333
8.918333
8.833333
10.501667
14.473333
28.111667
41.138333
45.415000
43.998333
43.751667
44.416667
39.110000
39.913333
45.056667
39.748333
35.276667
31.303333
34.056667
41.083333
46.418333
45.668333
32.863333
22.471667
17.136667
11.443333
10.363333
11.168333
10.360000
11.446667
21.725000
38.056667
43.833333
40.860000
42.890000
42.695000
39.416667
40.778333
44.166667
39.973333
36.030000
33.388333
33.221667
40.526667
45.721667
44.750000
33.745000
22.998333
17.303333
11.028333
9.916667
9.053333
9.221667
15.110000
30.585000
41.471667
44.916667
41.723333
43.695000
39.833333
39.195000
40.553333
42.501667
40.251667
34.806667
32.416667
33.358333
37.306667
40.306667
39.418333
31.333333
23.305000
17.861667
12.835000
11.390000
11.280000
10.475000
10.111667
11.390000
17.555000
33.330000
51.888333
61.140000
55.696667
53.058333
52.280000
49.168333
47.888333
40.196667
36.445000
34.335000
32.001667
32.111667
34.723333
29.360000
22.773333
17.833333
13.028333
11.138333
9.165000
8.473333
8.891667
9.665000
13.056667
24.888333
44.585000
58.418333
64.191667
57.803333
51.555000
45.863333
42.055000
35.026667
32.360000
35.750000
39.333333
42.860000
40.028333
30.416667
24.138333
17.585000
10.943333
9.970000
8.975000
9.113333
14.333333
28.476667
40.225000
43.053333
42.806667
46.058333
43.361667
38.000000
37.418333
41.946667
37.776667
31.193333
29.636667
31.558333
36.556667
44.445000
43.888333
32.890000
22.473333
15.195000
10.610000
9.360000
8.606667
9.111667
11.281667
20.473333
37.471667
44.195000
41.775000
43.056667
43.250000
39.776667
40.000000
44.611667
39.113333
33.418333
32.331667
34.693333
41.193333
45.916667
47.443333
35.668333
23.555000
16.500000
11.191667
9.970000
8.886667
9.501667
14.390000
29.361667
42.361667
44.940000
42.943333
43.473333
41.891667
41.055000
40.080000
44.333333
39.471667
33.643333
35.303333
35.081667
41.920000
47.390000
44.195000
30.975000
21.666667
18.085000
12.196667
10.888333
10.168333
9.500000
11.526667
21.498333
37.971667
43.196667
43.165000
44.945000
44.860000
43.111667
41.053333
43.890000
40.028333
34.750000
30.998333
33.080000
39.555000
45.246667
43.581667
33.251667
23.391667
17.060000
11.973333
11.000000
10.776667
9.640000
16.498333
29.610000
41.553333
45.443333
41.721667
44.223333
42.528333
43.640000
41.416667
43.975000
42.305000
37.110000
35.640000
34.696667
37.835000
38.551667
40.471667
32.198333
24.695000
19.083333
13.971667
12.166667
11.890000
10.251667
10.416667
12.305000
19.693333
37.110000
52.193333
62.165000
60.751667
54.221667
48.833333
47.303333
49.025000
41.918333
37.193333
35.691667
32.721667
33.610000
35.471667
28.335000
21.998333
18.306667
13.473333
11.388333
9.275000
8.971667
8.970000
10.443333
14.086667
24.943333
44.416667
62.305000
67.110000
62.581667
54.386667
45.861667
42.586667
37.363333
35.753333
37.998333
41.831667
46.553333
44.526667
32.640000
24.223333
17.776667
13.025000
12.471667
11.831667
12.250000
14.998333
28.750000
41.443333
46.085000
43.501667
45.696667
45.166667
41.555000
39.500000
44.195000
38.860000
32.225000
32.445000
32.583333
38.751667
43.888333
44.720000
32.251667
22.945000
16.888333
11.193333
10.668333
10.945000
10.140000
11.723333
21.501667
38.858333
46.416667
45.751667
46.111667
42.693333
40.640000
40.361667
44.140000
39.721667
33.610000
31.195000
34.055000
41.416667
47.776667
46.193333
33.611667
22.973333
15.611667
10.945000
10.358333
9.165000
9.608333
12.750000
31.806667
45.166667
46.110000
42.413333
42.858333
44.666667
41.083333
40.556667
44.806667
39.803333
33.613333
31.836667
33.971667
43.278333
47.306667
44.388333
29.168333
21.471667
19.856667
13.138333
12.663333
13.276667
10.831667
12.251667
21.555000
37.776667
46.530000
44.975000
42.670000
41.001667
38.056667
39.581667
43.141667
37.280000
33.113333
31.195000
33.278333
40.695000
46.136667
45.251667
32.610000
22.806667
17.636667
11.665000
13.666667
13.165000
10.666667
14.473333
32.416667
43.501667
47.025000
46.026667
45.305000
44.060000
39.225000
38.335000
42.941667
40.666667
36.416667
32.863333
33.748333
36.918333
38.638333
39.970000
31.138333
23.138333
18.246667
13.890000
12.056667
11.886667
11.140000
10.556667
12.250000
18.583333
31.831667
47.330000
56.805000
52.916667
48.305000
44.945000
44.391667
41.998333
35.388333
31.805000
31.970000
32.443333
32.691667
34.860000
28.916667
22.138333
19.140000
13.808333
11.498333
9.610000
9.003333
8.865000
10.333333
13.525000
24.221667
44.526667
60.831667
64.776667
59.276667
51.358333
47.638333
42.638333
35.111667
32.166667
34.945000
39.558333
44.775000
41.081667
31.085000
21.750000
15.721667
10.445000
9.780000
8.915000
9.526667
12.611667
30.140000
43.055000
44.806667
42.276667
45.390000
43.248333
41.056667
39.441667
44.445000
39.166667
33.001667
31.583333
32.806667
38.718333
44.416667
44.750000
33.640000
23.138333
17.943333
12.750000
15.251667
15.943333
14.470000
17.503333
25.028333
40.415000
44.445000
42.471667
41.670000
40.915000
37.861667
39.000000
43.278333
38.973333
33.640000
31.165000
34.696667
41.723333
48.026667
47.223333
34.248333
10.000000
19.721667
16.196667
10.335000
9.970000
10.250000
13.886667
30.863333
43.748333
43.556667
37.195000
39.108333
36.555000
35.253333
37.055000
40.833333
37.306667
30.253333
29.890000
33.665000
35.388333
45.136667
42.248333
31.858333
21.586667
19.833333
15.333333
8.861667
8.528333
9.390000
11.861667
20.638333
36.306667
40.695000
34.305000
37.663333
36.943333
35.861667
36.638333
39.748333
38.806667
33.248333
31.640000
32.891667
35.303333
42.418333
42.335000
30.973333
21.530000
20.833333
15.585000
9.613333
9.250000
9.528333
12.973333
29.166667
37.551667
39.055000
39.833333
47.221667
45.390000
41.666667
41.028333
44.471667
42.778333
37.026667
35.085000
34.946667
33.195000
39.890000
39.415000
30.806667
22.028333
23.195000
15.861667
10.165000
9.471667
9.445000
9.916667
11.611667
18.001667
32.361667
44.750000
60.918333
58.526667
51.748333
47.863333
48.996667
47.361667
40.223333
35.111667
34.941667
31.390000
34.635000
35.246667
28.805000
20.056667
23.585000
18.000000
11.058333
10.306667
9.415000
9.250000
9.916667
13.166667
23.111667
36.526667
59.890000
67.665000
60.555000
52.221667
46.250000
41.528333
34.668333
30.501667
34.943333
35.416667
43.891667
43.358333
31.803333
23.191667
22.691667
17.361667
11.331667
11.110000
11.390000
14.725000
27.686667
44.973333
46.305000
41.805000
46.776667
48.585000
43.195000
42.166667
47.003333
42.528333
35.226667
33.221667
34.223333
36.946667
44.418333
44.640000
33.695000
21.776667
20.358333
16.526667
9.580000
9.501667
9.471667
12.025000
20.803333
37.720000
44.306667
39.530000
43.081667
40.890000
38.748333
38.665000
42.886667
38.195000
33.028333
33.193333
34.333333
36.413333
47.225000
46.611667
34.276667
21.776667
19.778333
15.723333
8.890000
8.526667
9.221667
11.721667
22.971667
39.751667
45.053333
38.055000
40.638333
39.611667
37.833333
41.220000
43.778333
39.195000
32.778333
31.448333
35.278333
37.026667
47.166667
43.276667
32.443333
22.361667
20.775000
16.306667
9.806667
9.306667
9.335000
12.220000
21.000000
38.305000
44.831667
40.890000
42.136667
40.110000
38.613333
40.141667
44.305000
41.026667
34.716667
31.945000
33.110000
35.195000
46.471667
46.001667
33.913333
22.028333
18.890000
15.470000
9.115000
8.558333
10.280000
15.085000
26.276667
41.748333
46.418333
41.111667
41.113333
44.361667
43.305000
41.166667
44.500000
42.941667
37.583333
34.225000
33.500000
34.443333
41.001667
41.581667
32.108333
22.886667
23.918333
17.030000
10.776667
10.058333
9.333333
10.193333
12.695000
19.441667
35.000000
47.696667
61.886667
58.778333
52.106667
48.220000
48.390000
48.083333
39.278333
34.583333
33.276667
33.248333
33.306667
33.888333
29.695000
21.168333
22.945000
17.526667
10.691667
9.471667
8.945000
9.193333
10.250000
13.140000
23.445000
37.776667
61.611667
67.941667
59.220000
51.753333
45.805000
42.445000
34.386667
31.721667
34.583333
36.305000
43.666667
41.248333
29.445000
21.418333
20.861667
15.471667
9.113333
8.803333
8.973333
11.611667
21.725000
40.191667
47.165000
42.216667
44.498333
43.968333
44.361667
43.751667
45.443333
39.195000
33.193333
32.528333
32.528333
34.943333
43.528333
44.718333
32.750000
21.030000
20.608333
16.363333
11.693333
9.666667
10.663333
15.361667
24.168333
39.335000
44.220000
38.028333
44.001667
40.696667
37.778333
39.670000
44.000000
39.668333
32.778333
30.638333
34.248333
37.890000
47.556667
45.333333
32.665000
23.638333
21.748333
17.081667
12.251667
10.945000
10.665000
13.333333
23.750000
40.665000
46.470000
38.580000
43.888333
42.528333
40.638333
40.778333
44.470000
40.000000
33.500000
32.080000
34.693333
38.250000
48.471667
46.970000
35.276667
22.693333
21.471667
17.166667
12.530000
12.191667
10.970000
13.111667
22.611667
39.335000
46.251667
40.360000
45.081667
45.443333
40.941667
41.471667
44.998333
39.916667
34.555000
31.136667
33.638333
35.473333
45.751667
46.251667
32.973333
21.696667
18.918333
15.555000
9.363333
8.755000
10.610000
15.190000
25.973333
41.470000
48.081667
40.081667
41.528333
46.028333
43.691667
43.000000
43.220000
37.471667
33.113333
33.333333
34.248333
33.918333
40.528333
40.225000
31.111667
21.473333
23.668333
15.973333
11.055000
11.278333
9.831667
10.998333
12.666667
19.556667
36.388333
48.581667
61.971667
58.498333
51.026667
49.303333
46.611667
45.250000
37.331667
32.945000
32.916667
30.081667
33.613333
33.718333
28.275000
20.888333
21.696667
16.610000
10.445000
9.610000
8.641667
8.610000
10.281667
13.888333
23.670000
36.223333
56.111667
63.386667
58.468333
48.775000
43.636667
40.470000
33.056667
30.473333
32.970000
33.581667
41.863333
39.498333
28.718333
20.946667
21.888333
16.170000
9.583333
9.198333
9.416667
12.335000
21.086667
32.748333
41.723333
44.000000
49.555000
47.335000
43.165000
43.750000
43.693333
40.528333
34.890000
33.468333
32.833333
36.363333
43.835000
43.970000
32.586667
21.140000
20.888333
17.416667
16.858333
13.805000
13.861667
17.388333
24.196667
39.086667
44.888333
37.831667
43.165000
42.110000
39.860000
39.860000
44.386667
40.666667
34.221667
31.141667
33.083333
36.391667
46.280000
46.996667
32.918333
21.611667
20.000000
15.581667
9.000000
9.166667
9.580000
13.085000
27.000000
40.138333
46.610000
39.191667
44.471667
41.778333
39.695000
39.391667
43.668333
39.558333
35.556667
32.498333
34.751667
37.498333
47.000000
46.030000
32.306667
21.445000
20.720000
16.888333
11.776667
13.278333
12.026667
12.915000
21.416667
39.806667
49.195000
39.943333
44.443333
43.026667
38.305000
39.280000
43.305000
37.861667
32.998333
30.970000
33.305000
35.831667
45.558333
46.973333
33.723333
21.916667
20.555000
16.718333
15.580000
12.056667
11.831667
16.776667
30.030000
43.526667
52.361667
42.498333
43.915000
44.335000
39.526667
40.613333
43.971667
40.638333
38.056667
34.750000
34.918333
34.081667
40.055000
40.918333
30.998333
22.805000
24.720000
16.081667
14.001667
14.528333
12.333333
11.251667
12.666667
23.166667
38.415000
49.471667
61.916667
57.361667
48.946667
46.390000
46.275000
45.668333
38.528333
33.860000
34.110000
30.083333
32.775000
33.526667
28.108333
20.915000
22.525000
17.860000
11.893333
9.610000
8.918333
9.333333
10.666667
15.053333
28.723333
44.225000
62.335000
66.193333
57.888333
48.888333
43.470000
40.861667
36.030000
32.388333
36.891667
36.721667
45.946667
41.055000
28.945000
21.416667
21.223333
16.001667
11.195000
9.805000
9.920000
13.170000
26.473333
42.110000
50.250000
42.723333
44.831667
43.970000
43.250000
41.586667
42.695000
38.361667
33.335000
33.003333
33.970000
35.390000
44.085000
45.361667
31.360000
20.416667
21.670000
17.748333
17.468333
17.083333
14.083333
16.721667
25.360000
40.500000
46.583333
40.361667
43.026667
41.221667
37.140000
37.723333
42.443333
38.446667
32.475000
29.336667
32.611667
37.806667
46.611667
46.445000
32.693333
21.223333
19.945000
15.861667
10.946667
9.941667
10.138333
13.336667
28.806667
42.443333
48.695000
10.000000
44.278333
42.530000
38.026667
38.831667
43.418333
38.748333
33.888333
33.085000
34.805000
37.498333
46.861667
44.415000
32.668333
21.221667
19.111667
16.500000
13.360000
13.528333
12.136667
13.055000
21.691667
40.586667
46.275000
38.108333
44.025000
43.663333
37.415000
38.860000
43.336667
38.806667
33.916667
33.225000
33.726667
35.445000
44.776667
44.276667
33.026667
22.418333
20.498333
15.915000
15.108333
11.558333
12.973333
17.223333
33.778333
45.915000
50.055000
39.778333
43.335000
41.166667
37.833333
39.526667
43.166667
41.418333
37.778333
36.970000
34.275000
35.473333
40.140000
39.140000
30.833333
22.140000
24.418333
16.165000
14.390000
14.306667
12.748333
11.555000
12.498333
21.415000
38.363333
50.973333
62.443333
56.526667
50.808333
46.916667
46.000000
46.443333
37.445000
35.083333
34.110000
30.776667
33.336667
33.390000
28.890000
21.333333
23.081667
17.031667
11.806667
9.695000
8.556667
8.721667
10.081667
16.165000
29.195000
41.858333
60.303333
61.831667
54.973333
49.330000
43.390000
38.805000
32.111667
29.670000
34.166667
35.780000
44.081667
41.778333
29.608333
20.640000
19.416667
15.306667
10.470000
9.136667
9.940000
12.666667
29.221667
44.416667
49.136667
41.388333
45.030000
44.193333
40.388333
41.281667
44.668333
38.583333
33.528333
32.445000
33.083333
34.945000
45.026667
44.665000
31.110000
19.723333
20.500000
18.136667
17.468333
15.420000
14.418333
17.028333
24.583333
44.665000
48.361667
39.026667
42.860000
44.526667
42.663333
42.640000
44.945000
39.973333
33.501667
33.138333
34.638333
38.308333
47.555000
47.448333
33.751667
21.585000
19.805000
15.526667
12.088333
12.278333
10.615000
13.195000
28.500000
43.026667
48.055000
40.250000
45.191667
43.445000
39.721667
39.778333
43.303333
39.940000
33.890000
33.221667
36.698333
36.471667
46.555000
43.331667
32.113333
21.833333
19.445000
15.860000
12.638333
13.528333
11.776667
12.526667
21.666667
42.528333
48.193333
40.831667
41.168333
40.363333
38.666667
39.776667
42.691667
38.001667
34.916667
32.471667
32.335000
36.473333
46.526667
45.335000
32.611667
21.526667
21.390000
15.278333
16.056667
13.808333
13.750000
17.360000
31.750000
48.278333
54.225000
43.610000
44.000000
42.833333
39.861667
41.725000
45.583333
40.611667
37.555000
37.441667
35.720000
34.443333
39.723333
40.360000
31.110000
22.641667
23.583333
15.335000
13.305000
14.030000
11.945000
10.945000
12.500000
24.305000
44.193333
49.278333
61.556667
57.558333
51.306667
49.363333
48.530000
43.998333
40.613333
33.668333
36.195000
30.776667
34.445000
34.861667
28.531667
19.693333
24.110000
17.361667
11.498333
9.748333
8.555000
8.860000
10.306667
16.111667
32.055000
46.220000
65.578333
62.890000
53.140000
46.831667
43.058333
40.030000
32.748333
31.221667
34.416667
35.358333
46.365000
42.831667
29.780000
20.138333
20.363333
15.001667
11.888333
11.306667
10.665000
12.638333
27.223333
42.500000
48.665000
40.443333
46.026667
45.915000
44.275000
41.471667
45.195000
39.446667
35.251667
30.693333
31.835000
35.056667
44.695000
44.026667
32.026667
20.583333
21.776667
18.526667
18.083333
15.971667
14.448333
17.333333
25.363333
43.471667
48.971667
40.111667
43.085000
42.640000
40.360000
40.248333
43.776667
38.750000
33.946667
32.446667
35.670000
37.500000
49.723333
46.890000
34.416667
22.030000
19.278333
15.083333
12.475000
12.336667
10.973333
13.556667
29.026667
44.333333
49.446667
41.445000
42.996667
41.333333
39.863333
39.361667
43.861667
39.891667
33.860000
32.723333
33.833333
37.111667
48.001667
44.083333
31.780000
21.276667
19.528333
15.833333
12.638333
13.421667
12.058333
12.720000
22.108333
41.416667
46.553333
36.890000
39.916667
39.500000
37.833333
38.445000
42.608333
38.083333
33.390000
31.641667
32.168333
35.111667
44.500000
44.556667
32.360000
21.081667
19.835000
15.501667
13.723333
13.586667
13.668333
17.501667
29.250000
45.083333
50.083333
41.611667
43.331667
40.720000
37.976667
39.695000
43.306667
40.916667
36.776667
35.748333
36.251667
35.530000
41.416667
41.833333
31.863333
22.583333
24.973333
16.805000
14.080000
14.751667
12.943333
11.891667
13.835000
24.750000
44.053333
50.748333
61.281667
56.503333
50.058333
48.111667
46.691667
46.361667
39.916667
36.361667
35.168333
32.055000
33.251667
32.945000
28.586667
20.891667
22.946667
17.445000
12.195000
9.695000
9.000000
9.333333
10.880000
17.250000
31.443333
44.581667
61.168333
59.606667
52.000000
44.278333
40.585000
37.858333
31.473333
29.335000
35.221667
37.776667
47.586667
42.665000
30.306667
20.106667
20.581667
15.223333
12.555000
11.723333
11.000000
14.113333
26.250000
42.165000
48.581667
42.718333
44.165000
43.391667
40.085000
39.638333
42.888333
39.225000
33.113333
30.860000
31.331667
33.250000
43.668333
44.445000
32.863333
20.693333
21.498333
18.555000
18.305000
16.195000
14.888333
17.221667
25.168333
43.940000
49.335000
39.361667
42.141667
41.058333
37.083333
38.085000
41.835000
36.528333
31.586667
30.580000
33.441667
36.890000
47.611667
44.165000
31.665000
21.888333
18.971667
15.640000
12.170000
12.250000
11.415000
14.220000
29.360000
42.888333
46.165000
36.641667
37.001667
36.251667
35.500000
36.251667
39.221667
34.941667
30.221667
29.193333
32.223333
35.638333
45.695000
45.361667
32.638333
20.695000
19.503333
16.470000
12.248333
12.278333
10.583333
11.863333
21.500000
38.860000
42.695000
35.113333
36.773333
37.161667
36.413333
38.443333
43.138333
38.946667
33.580000
31.970000
32.058333
35.195000
46.080000
45.305000
34.416667
21.750000
20.471667
16.721667
14.418333
13.998333
13.860000
18.528333
32.585000
46.528333
48.585000
40.973333
43.223333
40.280000
38.806667
39.418333
43.333333
40.195000
35.473333
34.166667
33.665000
33.888333
40.358333
39.668333
31.198333
22.558333
22.420000
15.751667
10.056667
9.693333
9.555000
9.890000
13.111667
24.388333
42.556667
51.386667
58.945000
56.556667
48.611667
45.971667
45.890000
44.888333
41.165000
32.778333
32.885000
29.193333
34.335000
34.363333
28.695000
20.581667
21.190000
16.778333
9.861667
8.861667
9.001667
9.451667
10.875000
11.371667
21.390000
35.081667
54.585000
59.471667
53.471667
49.196667
42.860000
40.500000
34.081667
30.443333
33.278333
33.583333
48.335000
46.585000
35.530000
23.223333
20.861667
15.691667
8.973333
9.970000
11.496667
13.225000
22.336667
43.808333
46.196667
39.583333
43.195000
42.496667
39.445000
40.528333
44.141667
38.391667
34.001667
31.613333
29.861667
32.998333
47.916667
48.198333
34.525000
19.558333
20.305000
16.473333
11.028333
13.413333
11.331667
14.611667
24.583333
39.055000
46.666667
38.060000
40.500000
40.750000
37.666667
38.583333
42.391667
37.973333
31.306667
31.608333
32.443333
35.001667
49.081667
47.500000
35.725000
23.113333
20.085000
15.196667
8.336667
11.860000
11.860000
13.583333
25.306667
44.915000
48.526667
38.108333
40.668333
39.998333
36.193333
37.941667
42.113333
39.556667
35.138333
30.390000
31.526667
32.611667
45.555000
42.415000
32.138333
22.835000
21.498333
16.056667
9.611667
12.031667
12.028333
11.971667
16.835000
28.693333
39.278333
41.558333
51.110000
52.136667
44.803333
43.278333
43.391667
40.225000
35.806667
34.998333
32.805000
34.138333
47.225000
46.306667
32.470000
19.941667
19.665000
15.501667
10.136667
15.390000
13.831667
16.941667
29.528333
47.751667
49.890000
40.446667
41.026667
40.111667
39.695000
39.526667
42.500000
41.303333
38.946667
34.220000
33.663333
33.305000
42.753333
42.198333
33.420000
22.390000
24.528333
17.753333
11.111667
13.166667
13.693333
12.555000
13.333333
20.053333
38.000000
10.000000
57.888333
54.000000
49.665000
44.915000
42.890000
44.026667
40.053333
34.778333
32.890000
31.531667
35.611667
36.473333
29.918333
21.528333
19.555000
13.195000
10.030000
11.056667
8.753333
9.336667
10.610000
14.748333
29.638333
51.416667
63.610000
58.610000
49.776667
42.331667
38.641667
36.891667
31.668333
29.946667
31.806667
35.001667
42.003333
41.416667
31.308333
21.473333
16.055000
10.916667
8.723333
11.331667
12.053333
13.695000
22.443333
35.165000
40.753333
43.780000
46.583333
45.361667
39.808333
40.753333
41.166667
39.608333
35.356667
32.111667
29.275000
33.335000
43.110000
44.333333
31.303333
21.471667
16.725000
13.528333
12.388333
17.195000
15.693333
15.775000
23.025000
31.276667
39.528333
38.721667
38.945000
37.055000
34.641667
34.418333
38.448333
37.668333
33.556667
31.138333
30.306667
35.030000
43.330000
40.750000
31.388333
23.778333
17.081667
11.331667
8.528333
10.585000
11.193333
13.335000
21.331667
32.555000
35.360000
38.448333
40.475000
36.500000
36.000000
37.306667
39.141667
37.330000
32.555000
28.945000
29.306667
32.361667
38.306667
40.083333
31.608333
21.831667
16.193333
11.363333
9.191667
10.640000
9.220000
11.943333
16.778333
25.056667
36.028333
42.251667
45.000000
42.696667
38.500000
37.835000
38.833333
38.691667
35.525000
31.441667
30.140000
29.750000
34.195000
36.085000
28.195000
20.890000
16.138333
13.526667
10.775000
11.613333
9.858333
11.528333
18.775000
23.945000
28.193333
40.583333
50.830000
54.611667
50.278333
41.833333
36.223333
33.555000
30.361667
26.943333
26.306667
28.140000
32.500000
33.000000
26.581667
19.441667
15.496667
12.585000
9.141667
10.583333
8.280000
9.001667
10.553333
15.553333
27.693333
42.001667
48.666667
45.805000
39.000000
36.055000
36.663333
36.028333
31.140000
27.360000
27.556667
28.416667
29.110000
30.973333
27.611667
20.723333
16.111667
12.053333
9.251667
9.946667
7.916667
8.168333
9.058333
12.778333
23.748333
38.891667
47.670000
49.696667
42.168333
37.056667
35.610000
33.581667
28.165000
26.191667
28.056667
31.193333
34.971667
34.388333
27.221667
19.746667
17.028333
11.805000
9.415000
10.610000
8.055000
9.500000
12.973333
18.583333
23.026667
38.363333
52.306667
55.971667
53.305000
46.941667
41.333333
38.443333
33.110000
32.306667
33.805000
39.221667
47.025000
46.498333
33.028333
21.610000
14.916667
11.165000
9.861667
10.860000
10.971667
13.000000
24.193333
43.581667
46.028333
39.693333
38.860000
37.751667
35.445000
37.080000
40.863333
37.053333
32.361667
28.751667
28.805000
35.361667
44.638333
45.443333
33.665000
24.166667
16.031667
10.803333
8.388333
10.305000
9.166667
11.363333
22.498333
42.665000
46.805000
41.475000
42.858333
39.971667
37.608333
38.278333
42.753333
38.945000
33.386667
32.305000
33.140000
38.388333
50.248333
51.110000
36.998333
24.971667
17.223333
10.833333
8.721667
10.668333
9.501667
11.863333
20.750000
38.806667
46.583333
41.500000
40.388333
37.528333
34.750000
35.553333
39.945000
35.998333
30.638333
28.140000
29.473333
37.805000
44.943333
47.191667
34.000000
23.278333
15.948333
13.333333
12.028333
13.331667
13.056667
16.473333
30.748333
46.000000
48.361667
40.330000
39.913333
39.221667
35.666667
37.223333
42.110000
38.418333
33.638333
29.835000
33.166667
34.443333
39.890000
40.196667
30.970000
21.803333
17.305000
12.166667
9.221667
10.528333
8.751667
9.390000
12.168333
19.278333
36.166667
51.860000
56.916667
54.606667
49.691667
45.251667
44.500000
46.220000
39.861667
34.250000
32.083333
32.445000
32.366667
34.001667
27.473333
21.388333
19.221667
14.056667
12.055000
13.023333
10.526667
10.583333
11.471667
16.195000
26.920000
44.448333
57.945000
63.136667
55.140000
48.000000
41.638333
37.556667
30.748333
28.916667
31.806667
34.585000
43.363333
44.720000
32.251667
22.278333
15.610000
9.721667
7.750000
9.830000
10.335000
13.776667
28.691667
40.943333
45.863333
41.833333
43.056667
41.585000
36.805000
37.361667
41.723333
37.113333
30.083333
29.446667
28.193333
36.411667
44.248333
46.110000
33.223333
21.415000
14.358333
11.280000
10.056667
15.136667
11.113333
14.308333
26.115000
43.528333
46.776667
40.278333
40.530000
37.971667
36.003333
37.746667
42.278333
37.721667
32.665000
30.695000
34.028333
41.558333
50.998333
48.303333
34.333333
24.750000
15.666667
10.861667
8.333333
10.386667
11.081667
13.773333
29.556667
41.441667
47.225000
40.280000
39.140000
36.418333
35.886667
37.860000
41.720000
37.861667
31.638333
29.528333
31.776667
39.805000
48.303333
43.665000
31.890000
24.025000
15.280000
10.085000
8.636667
10.473333
8.556667
11.028333
21.445000
40.888333
47.916667
42.528333
42.838333
39.611667
36.555000
36.860000
40.998333
36.363333
32.695000
31.250000
31.721667
36.805000
46.528333
47.971667
35.471667
22.888333
15.335000
11.083333
9.806667
12.918333
13.391667
16.781667
27.971667
45.446667
49.276667
41.943333
41.166667
42.558333
40.001667
38.498333
42.250000
39.891667
35.280000
33.028333
34.805000
36.890000
40.638333
42.248333
32.888333
23.055000
18.111667
12.721667
10.060000
11.416667
9.000000
10.030000
12.890000
21.888333
36.611667
53.498333
59.500000
55.475000
48.526667
45.390000
46.363333
43.835000
37.306667
34.698333
37.138333
35.916667
31.111667
29.390000
28.198333
22.363333
17.333333
11.970000
9.443333
10.335000
8.331667
8.251667
9.670000
15.025000
28.581667
46.388333
55.723333
56.443333
52.170000
45.111667
40.583333
40.335000
32.195000
29.915000
32.693333
35.856667
44.363333
44.806667
32.388333
21.943333
15.553333
9.918333
7.860000
10.415000
11.473333
13.780000
28.473333
42.581667
47.441667
41.501667
42.168333
39.668333
37.695000
37.415000
40.138333
36.081667
31.333333
26.971667
28.441667
36.251667
43.558333
44.360000
33.165000
20.803333
15.221667
11.775000
11.085000
14.888333
10.833333
13.945000
26.225000
43.111667
46.191667
40.470000
40.636667
41.250000
36.610000
38.473333
42.388333
37.250000
32.250000
30.526667
34.555000
40.500000
48.721667
43.581667
31.695000
24.806667
16.556667
11.498333
9.140000
11.418333
12.085000
13.555000
29.916667
42.640000
47.583333
40.668333
40.500000
38.831667
36.413333
37.363333
41.525000
38.166667
33.551667
29.220000
31.971667
40.140000
47.970000
43.910000
30.858333
23.050000
17.668333
11.503333
8.971667
11.721667
13.666667
14.528333
23.666667
40.915000
47.443333
41.725000
41.110000
40.501667
37.746667
38.805000
43.111667
38.555000
34.361667
31.635000
32.443333
39.666667
46.335000
46.473333
36.221667
24.558333
16.246667
12.358333
11.555000
15.138333
13.695000
17.028333
36.280000
47.888333
51.115000
43.528333
42.026667
41.056667
35.440000
35.835000
40.223333
38.055000
35.470000
32.916667
35.168333
36.638333
41.611667
43.136667
32.166667
22.890000
17.303333
11.946667
9.750000
10.861667
8.613333
9.305000
12.753333
21.250000
34.696667
47.751667
52.556667
52.475000
47.636667
44.693333
43.998333
42.776667
38.528333
34.335000
31.278333
29.361667
32.001667
32.946667
26.865000
20.081667
16.695000
14.721667
12.501667
13.503333
11.276667
11.861667
13.138333
18.360000
30.945000
47.531667
60.140000
61.221667
54.806667
47.608333
42.331667
39.778333
33.941667
32.750000
32.723333
35.640000
39.695000
41.248333
32.528333
25.280000
19.498333
14.471667
11.971667
13.778333
14.083333
16.500000
26.723333
29.251667
39.335000
46.221667
51.913333
47.886667
41.275000
41.106667
42.860000
40.251667
35.441667
30.943333
32.611667
31.280000
34.086667
37.001667
29.168333
10.000000
21.695000
16.725000
11.498333
15.000000
10.418333
11.583333
15.860000
19.391667
28.000000
39.695000
56.416667
57.360000
50.918333
44.415000
41.610000
39.585000
33.000000
30.833333
33.446667
34.390000
45.198333
46.251667
33.861667
21.473333
20.331667
15.251667
8.416667
10.498333
11.415000
12.415000
29.778333
42.861667
46.941667
37.196667
39.971667
38.250000
36.111667
37.831667
41.805000
37.220000
31.470000
30.418333
32.610000
33.363333
44.088333
45.500000
36.280000
21.691667
20.333333
14.806667
8.943333
11.056667
8.916667
11.498333
21.920000
40.250000
45.666667
38.138333
38.891667
36.666667
34.416667
37.168333
41.805000
37.416667
34.556667
30.558333
31.776667
34.775000
47.498333
49.918333
35.916667
21.860000
20.306667
14.858333
10.000000
12.915000
12.805000
16.890000
34.835000
46.968333
48.386667
37.640000
39.835000
38.886667
36.138333
37.000000
40.778333
38.721667
35.473333
33.335000
32.973333
32.276667
40.693333
42.108333
31.975000
21.613333
23.663333
15.280000
10.308333
11.530000
9.115000
10.500000
13.666667
22.888333
40.666667
49.915000
57.003333
53.193333
43.943333
42.945000
43.973333
43.470000
37.860000
32.443333
32.808333
28.750000
33.611667
34.915000
29.028333
21.526667
23.110000
17.108333
10.086667
10.861667
8.691667
9.001667
10.693333
15.916667
29.416667
41.361667
54.971667
59.135000
52.803333
46.610000
38.971667
36.306667
32.806667
30.723333
32.500000
31.973333
43.746667
44.971667
34.196667
21.805000
20.725000
15.750000
8.668333
10.751667
11.140000
13.970000
30.083333
44.056667
48.113333
39.331667
43.136667
43.056667
40.526667
39.001667
42.475000
37.943333
32.500000
29.386667
29.915000
34.580000
47.140000
48.556667
35.613333
21.276667
20.170000
17.473333
12.501667
15.083333
10.780000
15.220000
27.888333
46.055000
50.445000
39.083333
43.281667
41.000000
38.638333
40.305000
43.446667
37.946667
33.303333
33.636667
34.138333
36.391667
49.555000
52.248333
37.138333
24.666667
22.611667
17.390000
10.278333
12.916667
12.748333
14.888333
26.360000
45.416667
51.305000
40.860000
45.083333
43.085000
40.278333
39.751667
43.388333
39.721667
33.110000
32.248333
33.445000
36.218333
48.720000
47.081667
36.110000
23.386667
20.913333
16.555000
8.805000
11.473333
11.276667
13.723333
24.306667
42.663333
49.693333
39.943333
41.390000
40.083333
37.083333
36.001667
41.056667
39.195000
35.193333
32.473333
36.721667
36.056667
42.138333
35.333333
24.498333
21.918333
22.971667
17.473333
12.251667
14.610000
13.053333
16.528333
25.136667
33.110000
39.918333
42.056667
49.000000
48.333333
43.776667
41.528333
40.196667
38.056667
35.085000
37.110000
35.636667
35.916667
39.613333
39.640000
32.250000
23.691667
25.138333
17.583333
10.221667
11.501667
11.168333
11.558333
14.298333
22.530000
38.305000
47.556667
56.166667
52.365000
48.223333
44.975000
45.276667
43.470000
41.528333
38.025000
34.613333
30.528333
35.613333
36.610000
29.666667
21.193333
23.693333
18.053333
10.303333
10.858333
8.861667
9.305000
10.916667
16.890000
29.831667
40.026667
54.081667
57.668333
53.473333
48.085000
40.333333
37.721667
33.191667
32.473333
35.085000
34.858333
44.803333
43.556667
33.416667
22.000000
21.415000
16.360000
8.860000
10.055000
10.973333
14.331667
31.996667
42.165000
50.388333
41.833333
45.000000
43.111667
41.443333
39.555000
43.170000
37.558333
33.890000
32.195000
33.415000
34.331667
49.083333
52.698333
35.946667
21.585000
20.863333
19.358333
13.278333
16.225000
15.248333
17.111667
28.723333
45.386667
48.891667
38.448333
40.248333
39.661667
38.803333
37.861667
41.500000
37.528333
33.001667
30.110000
34.915000
36.471667
48.248333
50.280000
36.110000
24.051667
19.415000
15.665000
8.081667
10.778333
11.251667
13.196667
24.138333
41.388333
45.416667
36.360000
38.441667
37.446667
35.693333
36.108333
41.556667
37.473333
32.001667
29.665000
34.140000
35.973333
48.836667
48.916667
35.640000
22.026667
22.111667
17.833333
9.500000
13.001667
13.945000
14.750000
24.416667
43.026667
47.028333
38.581667
40.001667
35.805000
33.971667
36.108333
39.248333
35.638333
32.110000
29.803333
32.750000
38.665000
48.196667
48.500000
35.333333
22.058333
20.276667
16.888333
12.251667
16.250000
15.776667
17.750000
32.013333
44.920000
49.585000
36.920000
38.331667
38.780000
37.808333
40.083333
70.363333
37.445000
35.111667
32.086667
33.248333
33.138333
41.280000
42.530000
32.723333
23.748333
22.805000
17.028333
9.526667
10.833333
10.195000
12.056667
13.060000
21.528333
36.831667
44.613333
52.641667
51.030000
48.611667
45.916667
45.028333
41.915000
37.246667
34.778333
34.250000
29.776667
35.278333
37.335000
30.280000
21.278333
22.250000
16.695000
9.498333
11.083333
8.305000
8.335000
9.556667
13.250000
22.223333
34.198333
51.833333
53.306667
48.581667
46.221667
41.418333
39.140000
32.388333
29.555000
31.723333
32.081667
43.420000
42.473333
30.780000
19.608333
19.195000
14.278333
7.693333
11.000000
10.558333
13.505000
30.916667
40.001667
45.306667
36.778333
39.858333
37.415000
35.415000
36.251667
40.138333
36.115000
31.775000
28.246667
30.141667
33.361667
44.250000
46.140000
33.225000
20.500000
19.695000
16.391667
10.858333
14.140000
12.113333
14.001667
26.081667
41.216667
43.526667
36.386667
40.468333
40.163333
35.833333
38.276667
42.890000
38.220000
33.110000
30.365000
32.586667
34.611667
46.888333
44.971667
33.775000
22.331667
20.280000
16.253333
8.443333
10.138333
11.415000
13.193333
24.865000
42.641667
48.888333
39.168333
40.750000
38.750000
36.500000
36.500000
41.080000
37.000000
34.668333
31.640000
33.835000
36.583333
49.361667
52.666667
38.195000
22.581667
20.780000
16.916667
9.808333
11.946667
10.138333
11.945000
23.335000
41.335000
48.140000
39.361667
39.775000
39.415000
36.026667
37.360000
41.360000
37.751667
32.970000
30.446667
33.001667
34.445000
50.255000
51.555000
37.998333
22.665000
20.805000
16.721667
12.055000
16.250000
14.613333
17.443333
37.470000
46.168333
50.750000
39.975000
41.580000
39.113333
37.278333
38.670000
43.083333
42.611667
37.610000
36.470000
35.441667
34.416667
44.780000
44.446667
32.500000
24.861667
25.691667
17.861667
10.165000
11.223333
10.193333
12.585000
14.306667
23.138333
39.140000
46.361667
53.000000
50.888333
44.415000
43.720000
44.943333
41.083333
38.498333
36.221667
35.166667
29.221667
32.973333
33.915000
28.446667
21.308333
23.250000
17.305000
10.030000
10.361667
8.335000
8.858333
11.081667
17.610000
29.166667
40.000000
53.971667
56.303333
49.916667
45.640000
41.695000
36.220000
32.138333
29.445000
32.248333
30.413333
36.281667
37.863333
31.833333
21.443333
22.586667
15.973333
9.056667
11.805000
10.778333
12.000000
21.611667
18.278333
28.081667
38.946667
53.861667
53.530000
48.946667
47.221667
44.833333
41.861667
34.501667
37.083333
38.746667
36.778333
48.528333
47.470000
34.028333
20.973333
21.085000
19.028333
13.420000
17.195000
15.055000
17.305000
28.055000
45.888333
49.166667
39.138333
40.721667
39.831667
39.306667
38.998333
43.051667
38.863333
33.973333
31.890000
37.361667
37.780000
51.165000
50.808333
37.858333
24.415000
21.363333
16.581667
8.418333
11.750000
11.668333
13.585000
24.193333
42.805000
49.141667
40.085000
42.026667
40.863333
38.388333
38.361667
41.858333
40.276667
35.858333
34.275000
37.250000
38.526667
51.943333
52.078333
39.416667
23.915000
22.000000
17.413333
10.276667
13.335000
13.888333
14.638333
25.306667
43.556667
48.920000
10.000000
42.943333
39.003333
36.001667
37.615000
41.891667
40.166667
34.026667
35.193333
35.610000
38.331667
49.721667
52.916667
39.526667
25.085000
20.723333
17.276667
12.305000
16.525000
15.305000
17.835000
37.696667
48.223333
55.000000
40.670000
41.391667
39.970000
38.081667
38.141667
42.003333
41.971667
37.113333
37.416667
39.331667
35.500000
45.055000
46.030000
34.640000
24.801667
25.196667
18.000000
10.528333
11.556667
10.746667
13.221667
15.806667
24.140000
40.808333
51.250000
55.556667
50.501667
44.780000
45.056667
43.555000
41.805000
38.776667
38.668333
40.223333
35.083333
36.945000
38.780000
33.335000
23.611667
23.888333
19.083333
12.026667
11.583333
9.693333
9.581667
12.085000
16.390000
26.775000
39.886667
49.003333
56.638333
52.113333
45.860000
40.528333
38.830000
33.170000
31.638333
32.915000
30.388333
41.223333
42.305000
31.611667
21.111667
20.638333
16.253333
8.306667
11.028333
10.360000
15.583333
32.111667
41.051667
46.636667
38.141667
42.918333
42.611667
36.445000
36.390000
42.610000
38.390000
34.501667
31.945000
32.500000
33.445000
48.445000
47.331667
34.803333
22.386667
20.668333
18.695000
12.330000
16.555000
14.888333
16.861667
28.056667
46.943333
51.250000
40.555000
41.581667
39.108333
36.890000
38.943333
42.026667
37.918333
34.698333
34.083333
35.695000
36.553333
51.220000
52.335000
40.415000
26.003333
22.975000
16.500000
9.775000
12.386667
10.555000
13.306667
25.695000
42.278333
47.890000
39.335000
42.306667
42.331667
39.195000
39.305000
41.778333
39.166667
34.970000
33.165000
35.001667
36.916667
51.136667
49.916667
37.081667
23.471667
21.501667
17.390000
9.110000
12.251667
13.501667
13.921667
24.776667
43.053333
49.055000
40.388333
43.110000
40.553333
36.693333
38.303333
41.110000
38.276667
35.361667
33.471667
36.335000
37.665000
51.441667
52.136667
39.500000
23.946667
22.113333
17.085000
13.306667
17.000000
14.998333
18.056667
37.223333
47.666667
53.776667
39.638333
40.221667
37.390000
37.695000
38.530000
41.916667
39.026667
36.806667
34.778333
36.975000
34.140000
40.946667
42.943333
32.473333
24.335000
24.638333
17.610000
10.028333
11.028333
10.806667
13.081667
15.611667
24.223333
41.301667
49.056667
52.336667
49.445000
46.415000
44.863333
44.083333
42.363333
38.308333
35.916667
34.666667
32.251667
37.113333
36.361667
31.331667
23.251667
23.470000
18.973333
10.941667
11.166667
8.746667
9.501667
11.585000
16.970000
27.500000
40.026667
55.416667
57.360000
51.220000
45.833333
43.581667
38.693333
34.390000
35.190000
35.056667
32.166667
47.890000
45.248333
35.388333
22.220000
20.195000
16.418333
8.808333
12.416667
10.611667
15.556667
31.251667
40.720000
47.636667
39.056667
42.555000
40.246667
38.140000
37.335000
41.278333
37.668333
33.111667
31.558333
31.553333
32.498333
46.640000
48.610000
37.390000
22.335000
21.473333
18.585000
12.390000
16.503333
15.390000
16.248333
28.806667
45.780000
49.333333
39.306667
42.360000
39.831667
37.806667
37.193333
42.193333
38.915000
35.750000
32.806667
34.306667
33.975000
48.081667
50.666667
37.971667
24.026667
21.223333
16.225000
9.526667
12.253333
10.278333
13.696667
25.611667
42.028333
49.528333
39.748333
40.636667
40.471667
36.556667
37.415000
41.556667
37.750000
33.863333
32.278333
33.668333
35.501667
47.420000
47.221667
36.528333
23.636667
21.693333
18.168333
10.333333
13.526667
14.248333
14.971667
24.833333
43.496667
49.278333
39.305000
40.251667
38.863333
37.221667
40.251667
41.836667
38.693333
34.163333
32.860000
32.776667
35.750000
51.751667
46.945000
37.415000
26.471667
22.250000
16.641667
14.860000
17.748333
16.691667
17.835000
37.805000
46.471667
54.498333
43.585000
42.388333
39.583333
39.833333
38.441667
43.276667
40.971667
38.110000
36.305000
39.501667
34.501667
43.861667
43.690000
34.888333
24.083333
24.556667
19.391667
10.333333
11.306667
10.528333
12.775000
16.083333
25.776667
40.306667
48.751667
55.140000
49.556667
43.666667
43.501667
47.026667
44.885000
41.751667
41.251667
38.165000
34.500000
37.888333
39.666667
32.026667
23.803333
24.443333
19.473333
10.890000
11.221667
9.111667
10.136667
12.303333
18.363333
32.026667
43.108333
52.801667
50.221667
47.693333
46.665000
45.305000
40.166667
34.613333
33.831667
37.890000
38.553333
47.831667
49.913333
40.388333
25.558333
23.716667
18.390000
14.388333
17.028333
14.000000
17.223333
32.530000
40.998333
49.256667
31.438333
39.596667
42.500000
38.831667
37.691667
42.195000
40.280000
35.585000
34.195000
34.141667
38.581667
48.695000
43.416667
34.168333
26.610000
21.001667
16.805000
10.528333
12.970000
14.443333
16.166667
26.526667
43.583333
49.555000
38.276667
40.110000
39.666667
37.221667
37.943333
41.415000
39.003333
35.056667
32.473333
36.166667
36.361667
48.836667
49.778333
39.333333
24.390000
21.305000
16.503333
12.168333
14.778333
13.136667
14.411667
24.443333
42.085000
50.808333
41.751667
43.971667
42.890000
39.026667
38.750000
43.030000
40.223333
36.473333
34.833333
37.608333
34.471667
51.475000
53.030000
41.391667
25.388333
22.168333
17.776667
9.166667
12.556667
14.195000
15.276667
24.191667
43.136667
51.250000
42.305000
44.223333
42.280000
42.996667
40.525000
44.665000
41.696667
37.666667
36.945000
40.915000
37.581667
50.085000
53.585000
40.913333
25.193333
21.835000
17.251667
13.443333
17.138333
17.496667
17.718333
35.975000
45.945000
54.971667
44.335000
42.528333
42.251667
39.056667
38.946667
43.248333
43.080000
39.886667
39.473333
37.890000
35.861667
42.001667
41.888333
34.971667
24.390000
24.693333
18.918333
10.696667
11.446667
9.275000
12.916667
16.611667
24.833333
40.443333
47.251667
53.056667
49.361667
44.973333
43.496667
44.695000
42.055000
40.251667
38.303333
44.833333
45.138333
43.000000
29.806667
24.306667
20.306667
21.526667
20.166667
14.581667
13.361667
10.915000
12.110000
12.696667
14.276667
21.361667
31.056667
44.750000
50.916667
51.306667
50.473333
43.918333
36.140000
32.471667
31.585000
34.780000
34.416667
45.391667
45.443333
39.278333
25.526667
23.333333
17.361667
9.638333
11.333333
11.691667
14.140000
31.556667
37.585000
44.748333
43.666667
46.583333
44.665000
41.833333
42.306667
44.113333
41.471667
38.581667
36.503333
35.641667
34.196667
46.665000
51.305000
41.611667
25.890000
23.555000
16.583333
10.250000
12.108333
10.443333
14.638333
26.981667
41.086667
48.113333
43.971667
45.471667
40.166667
39.250000
40.001667
43.058333
41.170000
39.528333
36.530000
36.750000
37.030000
48.693333
52.526667
41.446667
25.418333
22.833333
17.888333
13.610000
15.248333
14.501667
18.558333
26.448333
38.305000
46.250000
44.583333
43.026667
41.890000
41.530000
43.808333
43.276667
41.556667
38.473333
36.113333
38.696667
38.915000
50.781667
45.751667
35.080000
25.305000
27.251667
19.083333
9.498333
13.083333
14.085000
16.301667
24.193333
35.833333
43.221667
40.973333
44.056667
40.473333
40.496667
40.526667
42.418333
40.635000
37.831667
35.221667
35.861667
37.136667
51.000000
53.053333
40.445000
26.918333
23.836667
17.390000
14.116667
16.418333
17.248333
19.028333
36.583333
42.586667
50.971667
48.806667
49.640000
46.418333
49.360000
41.830000
42.971667
43.418333
38.030000
38.338333
39.830000
37.083333
43.250000
45.890000
38.331667
26.751667
26.501667
19.555000
11.641667
13.860000
14.248333
16.220000
16.775000
24.831667
37.721667
10.000000
51.086667
51.106667
46.498333
45.250000
45.331667
40.445000
35.666667
36.138333
37.030000
35.028333
38.526667
38.248333
33.138333
23.445000
24.695000
17.695000
11.441667
11.386667
9.278333
13.028333
16.666667
20.775000
31.610000
41.913333
53.445000
53.610000
45.221667
38.190000
36.470000
34.776667
30.805000
30.751667
32.221667
31.751667
35.166667
29.363333
24.001667
24.888333
23.581667
16.416667
13.390000
13.611667
14.166667
17.161667
31.360000
35.418333
41.555000
39.613333
43.335000
41.166667
39.136667
38.251667
38.943333
40.000000
35.943333
32.445000
31.356667
29.526667
39.443333
43.971667
39.080000
24.971667
22.331667
16.891667
12.833333
15.668333
13.971667
16.833333
23.443333
36.250000
42.778333
40.053333
41.138333
38.306667
37.500000
38.140000
40.336667
38.835000
36.083333
36.193333
35.056667
34.053333
44.170000
47.943333
39.191667
26.221667
24.640000
17.500000
14.858333
15.721667
15.585000
19.666667
28.221667
41.833333
52.360000
47.916667
48.220000
47.888333
46.471667
44.028333
43.443333
40.306667
39.471667
35.666667
32.666667
32.083333
44.111667
48.413333
39.890000
25.751667
22.473333
17.946667
10.111667
13.473333
14.555000
16.328333
24.445000
36.583333
42.276667
38.860000
41.836667
40.391667
36.971667
37.278333
40.693333
38.306667
35.305000
35.670000
35.051667
33.913333
42.723333
45.886667
36.136667
23.106667
22.640000
16.331667
14.166667
16.281667
17.476667
19.943333
39.973333
44.000000
49.996667
45.221667
46.691667
43.445000
40.388333
38.388333
41.303333
39.611667
38.776667
37.223333
36.556667
33.055000
40.585000
40.778333
34.250000
24.943333
25.331667
18.803333
10.890000
12.751667
14.416667
16.388333
25.696667
26.748333
36.528333
43.580000
50.556667
48.580000
44.723333
43.308333
43.276667
40.808333
35.086667
34.360000
35.528333
31.275000
35.195000
36.585000
32.360000
23.553333
23.915000
18.388333
10.943333
11.165000
9.026667
12.611667
25.778333
22.890000
29.528333
40.000000
53.026667
55.193333
51.166667
45.246667
39.471667
36.360000
31.585000
30.280000
32.640000
31.861667
42.441667
44.721667
38.083333
24.720000
22.470000
16.998333
13.278333
15.858333
16.583333
17.445000
34.445000
38.583333
41.585000
39.030000
42.335000
41.221667
39.638333
37.946667
41.000000
39.025000
35.138333
34.556667
34.140000
31.941667
43.168333
48.333333
40.470000
25.195000
23.083333
18.361667
13.610000
17.640000
17.443333
16.500000
24.026667
36.528333
43.360000
40.668333
41.000000
37.776667
39.913333
41.445000
42.333333
40.416667
36.416667
36.555000
37.693333
36.361667
47.808333
50.088333
39.858333
26.055000
23.470000
17.223333
14.418333
16.666667
17.970000
19.028333
28.971667
42.581667
47.026667
44.943333
45.000000
42.221667
39.608333
39.721667
39.390000
38.250000
34.945000
33.861667
33.640000
33.946667
43.583333
46.248333
37.888333
24.470000
22.665000
17.470000
9.946667
13.525000
14.386667
17.110000
34.445000
40.028333
41.856667
39.586667
41.166667
37.721667
39.668333
37.001667
38.555000
38.250000
35.665000
33.943333
33.500000
32.941667
44.388333
44.913333
37.250000
24.555000
23.695000
17.555000
14.393333
17.470000
19.945000
19.778333
39.001667
44.165000
46.611667
45.861667
46.638333
44.081667
41.251667
42.418333
40.081667
40.110000
38.580000
38.055000
36.500000
34.528333
42.138333
41.113333
35.473333
25.280000
26.028333
18.496667
11.083333
13.360000
14.501667
16.001667
26.055000
25.473333
33.166667
41.915000
49.248333
47.833333
44.525000
41.358333
39.195000
37.971667
34.085000
33.780000
33.808333
31.581667
33.971667
34.943333
31.113333
22.583333
23.583333
17.700000
10.890000
11.305000
9.056667
12.695000
26.278333
23.748333
29.663333
40.193333
52.166667
53.388333
50.776667
44.640000
40.278333
35.251667
30.918333
30.386667
34.528333
33.388333
38.971667
39.861667
34.445000
23.668333
22.110000
18.055000
13.168333
15.943333
16.750000
17.136667
34.055000
37.418333
38.778333
40.526667
44.165000
42.248333
41.526667
37.636667
40.471667
39.971667
35.585000
34.888333
35.305000
33.778333
44.276667
46.806667
38.920000
24.445000
24.111667
18.056667
14.193333
18.391667
18.026667
16.610000
24.386667
36.416667
43.110000
41.276667
43.000000
39.001667
39.138333
38.500000
40.750000
40.085000
35.473333
34.916667
37.415000
35.138333
47.583333
51.723333
40.805000
25.166667
24.276667
18.251667
14.916667
17.028333
18.328333
18.860000
28.668333
42.308333
46.608333
45.556667
48.055000
45.168333
43.250000
42.833333
42.501667
40.416667
36.778333
34.165000
35.778333
35.388333
45.778333
49.553333
40.195000
26.498333
23.553333
17.721667
9.886667
13.526667
15.195000
16.971667
35.166667
39.831667
42.636667
40.916667
43.301667
38.801667
37.748333
38.501667
39.308333
38.695000
35.280000
35.141667
35.833333
35.193333
45.725000
49.473333
39.193333
26.528333
24.471667
17.975000
15.140000
18.470000
20.638333
20.030000
39.583333
42.610000
47.970000
46.583333
46.363333
47.446667
42.693333
40.500000
41.501667
39.141667
39.968333
37.638333
39.975000
37.166667
41.698333
42.195000
34.860000
24.361667
25.166667
18.223333
12.136667
13.553333
13.975000
15.805000
25.860000
27.306667
35.831667
42.585000
47.446667
45.198333
42.306667
41.580000
40.580000
38.193333
34.198333
33.026667
33.943333
29.973333
34.083333
32.943333
29.333333
21.640000
23.140000
17.695000
10.525000
11.498333
9.610000
12.916667
26.776667
22.666667
26.941667
38.860000
52.195000
54.665000
51.446667
44.223333
38.276667
34.776667
31.608333
30.111667
33.918333
33.725000
40.225000
41.250000
35.113333
24.000000
23.746667
17.530000
13.498333
16.860000
17.390000
18.166667
34.083333
38.805000
40.971667
42.640000
45.193333
42.583333
41.610000
39.361667
41.416667
37.253333
34.863333
34.166667
32.890000
31.776667
42.971667
46.000000
37.641667
24.915000
22.475000
17.168333
13.665000
17.113333
17.305000
16.776667
23.276667
34.808333
40.670000
38.861667
41.915000
39.166667
39.111667
40.140000
41.303333
38.746667
34.360000
33.306667
35.695000
33.946667
42.695000
46.418333
37.608333
24.750000
23.528333
17.363333
14.555000
15.471667
17.778333
18.696667
27.418333
40.253333
46.056667
45.696667
45.693333
45.223333
44.081667
41.613333
40.475000
37.886667
35.276667
35.001667
35.915000
33.111667
43.946667
45.305000
37.803333
25.720000
23.138333
17.916667
10.138333
11.001667
14.555000
17.251667
34.498333
38.081667
42.030000
39.970000
43.776667
40.335000
39.111667
37.695000
39.865000
38.583333
36.443333
35.831667
35.193333
35.363333
45.441667
45.693333
39.246667
24.360000
23.306667
18.391667
15.305000
18.833333
22.336667
21.500000
39.916667
42.778333
43.556667
41.278333
45.445000
41.280000
39.610000
38.168333
40.025000
39.390000
37.918333
40.775000
39.250000
35.168333
40.723333
42.195000
34.248333
23.721667
25.195000
20.806667
12.886667
13.498333
13.525000
15.275000
25.331667
26.888333
34.721667
42.773333
49.665000
48.916667
44.748333
43.445000
43.085000
39.611667
36.916667
39.470000
40.780000
36.335000
38.363333
37.140000
31.441667
23.748333
24.500000
18.613333
12.030000
12.750000
10.695000
12.416667
23.886667
20.221667
27.693333
38.471667
49.638333
50.471667
47.000000
47.528333
41.058333
36.305000
33.191667
35.528333
36.860000
32.946667
38.808333
43.331667
35.526667
25.055000
24.865000
19.138333
15.611667
18.723333
19.670000
20.666667
35.390000
36.001667
41.418333
42.638333
47.668333
44.250000
40.166667
39.528333
39.390000
37.448333
36.001667
39.111667
36.416667
33.083333
40.306667
46.280000
38.335000
26.363333
25.083333
17.833333
13.946667
17.335000
16.836667
17.753333
23.388333
31.528333
38.860000
10.000000
44.250000
40.556667
38.165000
39.250000
41.388333
40.305000
36.638333
38.778333
38.250000
34.943333
42.556667
46.861667
39.058333
25.108333
25.386667
18.751667
16.170000
19.501667
20.860000
19.471667
25.638333
33.665000
40.998333
42.248333
44.638333
42.223333
41.528333
40.948333
41.638333
39.388333
38.916667
40.890000
40.556667
37.030000
43.251667
45.110000
39.221667
25.975000
24.415000
18.028333
10.390000
12.998333
15.056667
18.803333
34.471667
34.528333
40.470000
41.833333
45.500000
41.943333
41.140000
39.723333
40.941667
38.806667
35.915000
39.195000
38.026667
33.000000
41.638333
43.445000
37.248333
25.195000
24.000000
18.280000
15.391667
18.946667
22.475000
22.026667
36.223333
36.528333
39.695000
41.945000
43.391667
39.890000
39.998333
40.136667
40.471667
38.695000
36.111667
39.026667
39.331667
33.501667
37.580000
38.555000
32.831667
23.693333
24.526667
18.806667
11.248333
13.193333
13.695000
14.831667
25.918333
24.945000
34.086667
42.000000
46.998333
44.778333
42.445000
41.115000
39.640000
37.278333
34.835000
37.780000
36.915000
32.193333
35.805000
34.776667
30.365000
22.393333
22.553333
17.108333
10.611667
11.223333
9.945000
13.388333
24.223333
19.640000
26.166667
35.555000
43.916667
43.833333
42.806667
40.583333
39.166667
33.810000
28.888333
31.335000
34.055000
30.886667
39.528333
40.055000
32.356667
22.750000
22.610000
17.750000
15.083333
18.221667
19.138333
19.638333
31.526667
27.418333
28.973333
33.001667
42.970000
43.140000
38.335000
37.500000
36.721667
34.885000
33.471667
34.780000
34.806667
29.861667
34.640000
38.913333
32.888333
23.333333
21.388333
16.890000
14.445000
17.670000
16.526667
16.886667
20.195000
26.890000
35.000000
38.801667
40.081667
37.226667
35.331667
37.443333
37.608333
36.388333
32.278333
34.473333
35.973333
30.918333
37.443333
40.140000
34.608333
22.781667
22.498333
17.916667
15.583333
19.306667
22.166667
19.473333
22.365000
28.558333
34.503333
37.528333
43.805000
40.748333
37.441667
38.166667
36.780000
34.195000
32.225000
36.945000
36.833333
32.138333
38.306667
39.610000
33.191667
22.415000
21.608333
17.693333
9.776667
12.080000
14.360000
14.026667
26.951667
28.946667
35.223333
36.471667
38.250000
36.335000
34.610000
35.636667
36.443333
34.388333
32.611667
35.860000
35.863333
32.195000
39.056667
40.636667
33.611667
23.636667
22.691667
17.528333
15.250000
19.028333
22.581667
21.195000
32.140000
30.058333
36.195000
36.948333
40.193333
38.555000
35.528333
35.331667
36.196667
34.891667
32.445000
37.530000
36.306667
31.860000
37.001667
36.170000
31.030000
22.721667
23.665000
18.611667
12.418333
12.498333
10.668333
13.665000
23.583333
23.336667
31.196667
36.861667
42.445000
40.863333
37.136667
37.500000
37.445000
34.306667
31.303333
31.553333
33.416667
30.308333
34.305000
33.138333
27.890000
21.416667
22.278333
17.306667
11.306667
11.970000
10.443333
13.360000
22.975000
18.810000
25.500000
33.025000
42.250000
41.751667
41.055000
39.915000
36.358333
32.500000
28.165000
29.220000
33.360000
29.363333
33.613333
36.223333
29.941667
21.916667
22.163333
18.890000
15.831667
20.280000
22.500000
19.556667
28.915000
27.888333
33.915000
38.775000
44.305000
41.778333
37.443333
38.360000
38.528333
34.551667
31.666667
34.861667
33.416667
31.528333
36.666667
38.275000
33.195000
23.585000
23.196667
18.195000
14.890000
17.888333
14.970000
16.055000
18.858333
24.080000
32.805000
36.166667
40.361667
38.888333
37.640000
37.278333
38.110000
36.111667
32.558333
32.693333
34.221667
31.695000
36.000000
34.750000
30.726667
22.915000
25.001667
19.723333
17.943333
20.500000
23.055000
18.501667
17.893333
20.333333
28.528333
36.441667
44.335000
42.915000
42.805000
40.361667
36.861667
33.971667
30.498333
29.303333
31.860000
32.333333
36.471667
36.528333
31.193333
23.610000
23.498333
18.333333
11.668333
14.695000
16.221667
15.501667
30.751667
27.138333
31.861667
36.776667
41.500000
39.530000
35.915000
36.500000
38.028333
35.026667
31.556667
32.221667
32.751667
31.445000
38.361667
38.056667
32.888333
23.496667
23.670000
19.915000
17.225000
20.865000
24.361667
20.971667
33.666667
30.083333
35.666667
39.306667
43.721667
42.751667
40.195000
39.445000
39.723333
36.141667
35.111667
35.193333
36.471667
33.416667
38.301667
38.133333
32.193333
24.640000
26.053333
21.000000
14.361667
14.833333
12.776667
16.805000
29.473333
27.280000
34.470000
40.555000
48.803333
48.913333
43.305000
41.335000
40.613333
36.835000
33.360000
33.721667
35.251667
33.861667
35.668333
37.056667
31.335000
24.890000
24.555000
20.805000
13.941667
15.221667
12.806667
14.500000
26.725000
21.971667
25.585000
33.526667
43.361667
45.780000
45.585000
43.446667
41.360000
35.416667
32.110000
32.085000
35.860000
34.468333
39.916667
40.441667
32.693333
25.996667
26.393333
21.666667
17.971667
22.248333
24.528333
22.696667
37.750000
35.416667
40.865000
42.998333
50.641667
49.473333
42.860000
41.970000
42.693333
40.420000
36.888333
36.806667
39.751667
38.418333
43.556667
45.835000
37.613333
27.528333
27.498333
23.500000
19.638333
22.556667
19.471667
19.973333
23.556667
28.668333
37.196667
40.808333
44.975000
45.223333
42.278333
40.331667
41.416667
37.223333
35.305000
36.028333
38.111667
37.916667
42.666667
44.025000
36.556667
27.028333
26.221667
22.276667
20.056667
23.248333
25.805000
22.393333
27.028333
34.943333
40.528333
41.251667
45.833333
46.308333
44.913333
42.445000
43.638333
38.776667
34.500000
33.666667
36.721667
36.640000
42.638333
43.583333
36.666667
27.085000
27.696667
22.306667
14.331667
16.833333
18.361667
17.306667
36.556667
37.221667
40.611667
44.168333
48.973333
46.058333
44.333333
42.833333
43.445000
39.806667
35.361667
37.303333
42.003333
40.808333
45.248333
49.388333
40.140000
27.750000
29.191667
24.220000
20.111667
23.390000
26.361667
26.306667
39.780000
37.555000
42.110000
45.193333
51.000000
49.751667
43.611667
44.000000
43.806667
40.723333
38.416667
38.943333
40.721667
38.056667
42.083333
42.666667
35.890000
27.168333
28.525000
24.058333
16.331667
17.221667
15.138333
15.695000
25.721667
25.166667
35.196667
42.473333
49.943333
48.195000
46.720000
43.916667
43.861667
40.891667
36.555000
36.056667
38.195000
36.526667
40.081667
38.111667
32.195000
25.888333
27.830000
22.556667
16.138333
16.778333
14.581667
19.110000
27.778333
24.416667
31.113333
40.581667
49.498333
51.083333
49.110000
47.250000
43.333333
39.056667
33.250000
33.693333
37.971667
35.140000
39.916667
42.336667
35.001667
27.888333
27.333333
22.863333
19.666667
23.968333
26.278333
22.473333
35.946667
38.415000
43.445000
42.805000
48.945000
47.720000
44.058333
43.808333
45.031667
42.860000
39.471667
38.445000
41.498333
40.475000
44.581667
48.476667
40.305000
29.611667
28.971667
23.446667
18.833333
22.110000
19.666667
20.246667
26.693333
34.028333
42.110000
44.941667
47.530000
45.726667
44.975000
42.945000
45.360000
43.943333
39.723333
41.223333
42.581667
39.666667
47.026667
49.665000
41.220000
28.136667
28.026667
21.528333
20.778333
23.053333
24.276667
24.863333
31.026667
40.665000
46.721667
45.191667
49.696667
44.583333
40.108333
40.280000
39.693333
37.195000
33.111667
34.221667
34.891667
34.693333
39.500000
44.441667
32.915000
23.753333
23.306667
17.250000
9.530000
11.975000
13.778333
12.608333
29.778333
30.500000
35.443333
38.193333
42.221667
43.195000
37.166667
34.055000
35.723333
34.085000
31.968333
30.720000
28.526667
28.640000
34.278333
36.725000
29.746667
20.555000
21.195000
15.251667
13.860000
17.718333
21.278333
20.945000
35.111667
35.250000
39.970000
10.000000
44.055000
43.001667
35.611667
34.276667
38.695000
37.331667
34.780000
33.945000
32.445000
29.225000
33.416667
35.388333
29.248333
21.585000
22.640000
16.943333
10.305000
10.806667
9.250000
10.611667
19.086667
19.583333
29.805000
35.970000
45.776667
44.916667
39.666667
39.945000
39.720000
38.386667
34.220000
32.833333
33.025000
29.806667
33.413333
32.331667
26.803333
19.831667
22.445000
16.308333
10.220000
10.498333
8.830000
12.943333
21.915000
18.805000
25.218333
35.975000
51.221667
54.613333
47.136667
44.471667
40.275000
37.220000
31.696667
29.943333
32.333333
31.501667
39.140000
39.640000
29.363333
21.470000
22.251667
17.191667
14.670000
19.056667
21.920000
18.336667
33.165000
36.055000
38.500000
37.831667
40.388333
39.833333
35.806667
39.303333
40.140000
37.803333
33.805000
31.775000
31.000000
28.360000
39.858333
43.890000
34.918333
22.943333
21.665000
16.278333
12.610000
16.390000
15.030000
16.360000
26.248333
33.110000
40.640000
39.275000
40.665000
39.333333
37.416667
35.056667
37.391667
36.803333
33.835000
33.305000
34.696667
30.728333
42.225000
45.310000
34.305000
22.720000
22.026667
15.720000
14.140000
17.198333
20.695000
21.195000
26.665000
37.668333
44.860000
44.138333
44.333333
44.471667
37.720000
35.918333
38.333333
38.471667
34.333333
33.665000
34.028333
30.555000
42.470000
45.330000
34.386667
22.306667
21.665000
15.055000
8.861667
11.475000
13.806667
12.195000
32.333333
34.748333
40.943333
41.195000
42.916667
37.888333
36.001667
36.945000
39.558333
37.753333
34.805000
36.361667
32.943333
31.276667
43.390000
45.833333
35.168333
23.415000
22.055000
15.918333
13.278333
17.085000
21.223333
22.223333
37.140000
39.556667
45.138333
42.556667
45.448333
45.863333
38.666667
35.805000
39.058333
37.305000
36.085000
34.780000
35.886667
31.445000
38.168333
40.003333
31.531667
22.110000
25.718333
18.833333
12.805000
12.776667
11.138333
12.748333
20.640000
22.443333
35.916667
43.253333
51.418333
50.140000
43.693333
42.888333
42.331667
40.360000
35.331667
33.941667
36.081667
29.751667
31.835000
33.140000
27.473333
20.360000
22.668333
15.858333
9.806667
10.610000
8.525000
12.528333
21.665000
18.748333
28.136667
40.388333
53.693333
56.750000
47.890000
43.696667
38.278333
35.001667
30.916667
30.558333
31.670000
30.333333
38.195000
38.058333
29.166667
20.780000
22.165000
16.641667
13.945000
17.891667
19.696667
16.721667
31.581667
31.136667
38.136667
41.691667
46.861667
44.333333
40.225000
37.028333
38.253333
36.723333
33.363333
32.751667
33.891667
29.168333
35.058333
36.945000
30.028333
21.441667
23.915000
18.278333
13.083333
16.581667
14.331667
13.808333
17.695000
17.416667
25.971667
37.860000
51.753333
51.555000
47.391667
44.221667
41.500000
38.725000
32.528333
31.528333
35.446667
34.555000
46.276667
44.886667
33.528333
21.528333
21.555000
16.361667
13.998333
17.195000
19.583333
21.640000
28.335000
43.030000
51.473333
41.441667
44.831667
43.248333
36.470000
34.890000
40.250000
36.221667
32.500000
30.638333
33.861667
34.886667
43.975000
41.640000
30.221667
20.500000
19.583333
16.136667
8.696667
11.666667
13.720000
12.946667
35.026667
44.500000
45.721667
36.441667
39.528333
37.945000
34.471667
34.803333
40.305000
37.053333
33.888333
30.891667
32.498333
33.196667
46.665000
46.805000
33.000000
20.918333
20.248333
15.221667
12.805000
15.000000
19.583333
22.138333
40.610000
46.891667
48.418333
39.253333
43.110000
43.613333
36.250000
34.613333
39.775000
36.168333
34.055000
32.248333
34.608333
31.470000
39.750000
38.806667
30.363333
20.835000
22.611667
16.141667
9.335000
10.248333
8.750000
10.140000
19.780000
20.083333
33.885000
44.140000
55.775000
51.610000
43.305000
42.000000
42.001667
42.693333
36.500000
34.723333
34.083333
30.640000
32.111667
33.001667
28.246667
20.970000
22.525000
16.805000
9.306667
9.670000
7.943333
12.165000
21.441667
18.970000
27.111667
38.333333
52.525000
56.360000
51.026667
44.276667
40.138333
40.141667
33.055000
32.668333
34.668333
34.140000
44.250000
45.833333
32.386667
21.941667
21.835000
20.613333
11.640000
17.888333
17.138333
17.748333
36.446667
43.918333
47.496667
37.250000
41.828333
40.473333
38.196667
36.861667
41.221667
35.358333
32.223333
32.113333
32.193333
33.888333
47.611667
45.975000
32.640000
21.696667
20.166667
18.835000
9.556667
14.916667
11.055000
15.581667
27.333333
40.641667
45.555000
37.718333
38.555000
39.805000
37.971667
37.498333
42.030000
36.945000
32.390000
31.253333
33.361667
35.220000
49.361667
44.418333
31.751667
21.528333
19.888333
18.551667
11.580000
16.305000
14.388333
21.390000
29.941667
44.723333
46.390000
36.890000
35.918333
34.610000
31.360000
33.805000
38.555000
35.695000
31.695000
29.108333
30.500000
33.113333
46.390000
42.081667
30.500000
21.553333
20.831667
16.916667
8.001667
10.776667
11.026667
12.276667
34.863333
42.636667
43.943333
36.111667
38.331667
37.610000
35.225000
35.611667
39.695000
34.888333
32.445000
29.858333
31.388333
33.695000
45.916667
46.333333
32.473333
21.446667
21.138333
19.443333
11.390000
16.056667
15.276667
22.333333
40.973333
47.056667
50.083333
42.108333
42.885000
38.861667
36.833333
37.556667
39.831667
37.638333
35.055000
33.496667
33.998333
31.555000
40.220000
39.361667
31.111667
21.165000
22.945000
16.750000
9.356667
10.305000
8.970000
10.418333
17.025000
19.390000
33.140000
45.666667
55.306667
51.470000
43.723333
41.170000
43.528333
41.751667
36.275000
33.860000
34.441667
30.165000
33.470000
33.638333
26.861667
20.528333
24.108333
17.305000
9.138333
10.108333
8.528333
12.416667
20.415000
18.723333
27.280000
38.555000
55.360000
59.223333
50.861667
43.306667
38.915000
35.805000
31.693333
30.308333
33.003333
32.250000
44.335000
40.670000
28.723333
20.083333
21.526667
20.386667
11.498333
16.638333
15.166667
14.888333
27.776667
37.221667
44.111667
40.253333
47.666667
44.526667
41.775000
39.666667
42.723333
37.666667
34.668333
34.558333
34.110000
34.496667
46.083333
44.003333
31.528333
21.498333
18.860000
18.836667
9.583333
15.278333
11.248333
15.998333
28.581667
40.195000
46.473333
36.333333
38.083333
37.416667
35.805000
35.221667
40.916667
35.721667
31.973333
29.385000
33.250000
34.585000
46.860000
44.030000
31.471667
19.918333
19.888333
18.613333
10.776667
15.886667
16.055000
20.943333
30.803333
44.611667
49.556667
41.250000
43.193333
43.053333
37.303333
35.195000
40.753333
35.806667
31.085000
30.331667
30.470000
31.808333
46.391667
41.916667
30.860000
20.141667
20.168333
16.888333
7.638333
10.560000
14.166667
12.611667
33.610000
43.168333
44.496667
36.108333
39.916667
36.335000
34.056667
33.610000
39.471667
34.778333
30.330000
29.083333
30.665000
34.943333
45.941667
44.553333
31.471667
20.805000
18.971667
17.111667
11.776667
15.108333
16.831667
22.360000
38.000000
46.806667
48.586667
39.225000
41.250000
44.225000
36.611667
33.361667
39.443333
38.278333
33.776667
33.971667
31.003333
29.361667
39.250000
38.413333
29.251667
21.198333
21.918333
16.193333
9.278333
10.388333
9.278333
10.638333
16.415000
20.808333
33.555000
39.998333
46.056667
42.638333
39.250000
40.278333
40.723333
38.113333
33.471667
31.303333
31.140000
27.750000
32.193333
32.500000
25.558333
19.473333
23.110000
16.753333
9.026667
10.083333
8.356667
11.970000
18.361667
18.335000
27.918333
10.000000
59.973333
65.583333
57.223333
47.360000
41.556667
38.498333
31.275000
30.250000
32.833333
32.250000
41.528333
41.248333
29.835000
18.945000
20.416667
19.083333
10.110000
15.775000
15.805000
16.528333
33.973333
43.138333
46.526667
38.693333
40.610000
38.248333
35.610000
35.913333
39.636667
35.611667
31.526667
27.556667
29.941667
31.831667
45.308333
44.278333
30.776667
19.580000
21.196667
18.055000
9.223333
14.780000
9.420000
12.503333
28.695000
39.695000
43.918333
37.610000
37.195000
37.110000
34.108333
34.778333
40.890000
36.808333
30.886667
29.695000
32.526667
32.581667
47.026667
44.806667
32.278333
21.665000
20.696667
18.556667
9.721667
16.026667
15.668333
17.916667
31.030000
45.305000
49.193333
41.056667
41.278333
42.386667
36.026667
36.946667
40.833333
36.610000
33.140000
30.223333
32.026667
35.058333
47.331667
43.916667
32.471667
20.388333
20.111667
16.775000
7.445000
9.280000
12.500000
11.360000
31.526667
43.110000
45.083333
36.803333
39.915000
36.805000
36.028333
35.806667
41.415000
34.223333
32.195000
30.251667
31.641667
33.748333
46.251667
44.530000
32.055000
21.691667
18.943333
17.526667
10.943333
14.723333
15.475000
17.165000
34.696667
43.750000
46.861667
36.861667
37.640000
36.333333
34.583333
35.996667
40.386667
37.415000
34.890000
33.278333
31.305000
30.748333
39.303333
37.723333
28.638333
20.333333
22.445000
13.916667
8.723333
10.305000
8.526667
10.420000
16.613333
19.888333
34.558333
43.531667
54.943333
47.750000
42.748333
41.860000
41.305000
40.861667
36.668333
33.751667
33.860000
28.250000
31.415000
33.053333
27.695000
20.055000
23.138333
16.640000
9.248333
9.943333
7.831667
11.780000
18.415000
18.723333
28.000000
39.915000
58.051667
59.860000
54.278333
43.888333
39.720000
37.080000
32.998333
32.943333
38.778333
37.666667
34.780000
33.666667
31.913333
21.358333
19.443333
19.276667
9.945000
15.471667
16.223333
16.306667
32.610000
41.611667
44.138333
36.638333
40.220000
38.301667
34.913333
34.833333
40.416667
35.583333
32.056667
31.501667
32.888333
34.415000
45.665000
43.110000
31.335000
20.556667
19.530000
17.693333
9.413333
12.586667
10.778333
15.001667
28.668333
39.558333
45.445000
36.138333
38.251667
36.718333
33.556667
35.253333
40.500000
36.558333
33.168333
32.581667
34.111667
36.615000
47.301667
45.170000
32.553333
20.583333
20.805000
20.636667
11.445000
14.228333
16.223333
21.581667
31.638333
44.223333
48.885000
38.916667
45.165000
43.390000
36.528333
34.613333
40.000000
35.891667
31.720000
28.608333
31.390000
35.445000
45.721667
44.526667
31.471667
20.085000
19.720000
15.111667
7.611667
9.945000
12.833333
12.636667
30.775000
40.251667
42.888333
35.028333
37.916667
36.166667
31.750000
31.916667
38.443333
33.280000
30.973333
29.221667
29.693333
30.333333
37.475000
36.555000
29.056667
20.305000
21.556667
18.138333
10.778333
14.721667
12.001667
13.055000
23.361667
19.833333
27.776667
37.668333
49.776667
49.833333
45.555000
40.446667
38.053333
36.080000
30.638333
30.028333
28.528333
27.723333
30.558333
29.915000
24.501667
18.665000
20.308333
13.611667
8.221667
9.251667
7.613333
8.445000
14.916667
17.695000
27.111667
35.416667
47.390000
44.000000
40.693333
38.053333
39.470000
37.661667
33.056667
31.640000
31.140000
26.278333
31.331667
31.778333
26.971667
19.108333
22.306667
16.168333
8.776667
9.613333
7.640000
11.251667
18.166667
18.221667
25.558333
35.361667
56.916667
57.555000
49.886667
43.251667
40.138333
36.221667
30.613333
30.860000
33.111667
33.001667
43.691667
40.083333
28.666667
19.140000
19.943333
18.331667
11.333333
15.223333
13.471667
13.251667
32.220000
40.885000
44.418333
37.778333
40.418333
39.111667
38.000000
35.665000
40.051667
36.331667
30.276667
29.611667
29.971667
32.196667
44.556667
42.803333
30.695000
19.003333
18.888333
17.385000
9.221667
13.470000
9.888333
10.471667
26.360000
38.331667
42.331667
35.778333
39.638333
37.806667
33.946667
35.053333
41.110000
37.723333
31.276667
28.973333
32.278333
33.780000
46.806667
42.695000
31.278333
20.973333
18.861667
18.915000
10.470000
14.023333
12.475000
16.083333
28.583333
39.723333
42.416667
36.390000
40.190000
37.860000
35.393333
37.111667
39.831667
36.445000
31.195000
30.195000
32.055000
35.473333
44.556667
42.695000
31.666667
20.556667
18.636667
15.916667
7.693333
8.860000
8.276667
10.861667
31.335000
40.303333
42.613333
35.111667
37.913333
36.805000
33.443333
32.945000
38.168333
34.833333
30.780000
28.416667
30.526667
34.806667
45.058333
42.113333
31.335000
19.750000
19.198333
17.748333
9.553333
14.083333
12.195000
16.890000
35.525000
41.613333
40.613333
33.890000
34.445000
37.500000
34.278333
34.776667
39.723333
38.000000
34.638333
32.861667
32.831667
31.831667
39.108333
37.166667
29.220000
20.995000
22.195000
14.668333
8.275000
9.440000
7.888333
8.223333
15.610000
18.971667
32.360000
42.056667
54.583333
52.943333
47.113333
44.556667
44.110000
41.636667
34.890000
33.030000
33.168333
28.471667
32.388333
33.945000
26.720000
18.836667
22.890000
16.583333
9.085000
9.583333
7.695000
7.445000
14.608333
13.888333
20.916667
33.748333
53.363333
58.081667
52.585000
47.083333
42.498333
38.833333
33.915000
29.470000
33.025000
34.083333
41.055000
37.000000
29.831667
20.001667
19.278333
19.301667
9.696667
14.055000
13.720000
13.026667
28.753333
42.251667
42.138333
36.860000
39.835000
37.945000
37.528333
36.110000
40.108333
37.721667
31.303333
29.360000
29.083333
32.748333
46.081667
43.530000
32.000000
20.778333
18.640000
18.166667
11.056667
13.751667
10.973333
11.780000
27.695000
40.553333
44.500000
37.001667
40.335000
38.388333
35.441667
36.390000
39.973333
37.613333
31.138333
27.695000
30.693333
35.248333
45.861667
41.610000
30.693333
22.000000
19.530000
18.805000
9.721667
14.360000
12.083333
12.831667
26.720000
40.026667
44.168333
36.805000
39.861667
37.056667
34.555000
35.165000
40.306667
36.110000
31.416667
31.223333
30.641667
33.278333
45.168333
44.613333
30.945000
20.555000
18.971667
14.918333
8.223333
9.136667
8.335000
10.305000
31.081667
41.500000
41.665000
34.250000
36.083333
33.996667
32.970000
32.441667
36.418333
33.221667
28.388333
27.661667
29.610000
32.973333
44.278333
41.833333
30.918333
20.085000
19.305000
16.971667
9.528333
12.193333
11.721667
12.833333
31.528333
44.388333
42.998333
35.780000
36.193333
33.498333
32.753333
33.780000
39.611667
36.390000
34.055000
30.056667
30.526667
30.361667
39.000000
38.085000
28.946667
20.971667
21.306667
14.780000
8.335000
7.473333
7.140000
8.331667
15.918333
19.693333
34.390000
44.278333
52.613333
48.416667
44.583333
40.333333
42.470000
42.528333
37.500000
31.971667
32.913333
28.248333
31.916667
31.750000
26.108333
19.415000
23.555000
16.305000
8.805000
7.721667
6.803333
7.780000
11.665000
20.805000
37.081667
47.081667
56.306667
53.860000
48.693333
42.168333
39.335000
36.835000
31.056667
29.473333
34.638333
34.641667
40.246667
36.805000
26.528333
18.831667
17.615000
13.278333
8.060000
9.971667
8.526667
22.278333
26.278333
41.386667
46.915000
38.026667
41.975000
39.746667
35.168333
36.750000
41.221667
37.250000
31.443333
27.253333
30.275000
32.831667
43.556667
42.528333
30.473333
19.113333
17.223333
14.360000
10.615000
11.886667
9.083333
17.526667
24.026667
39.945000
44.305000
35.335000
35.805000
34.471667
32.361667
32.915000
39.471667
35.250000
29.975000
27.500000
31.058333
34.111667
42.693333
41.498333
30.833333
20.333333
18.193333
13.585000
10.801667
11.280000
8.891667
16.528333
22.723333
38.473333
42.165000
10.000000
33.613333
33.140000
31.276667
33.611667
39.475000
37.388333
31.805000
28.945000
30.613333
31.666667
37.138333
33.056667
27.081667
19.668333
22.196667
16.583333
11.635000
8.803333
8.721667
19.445000
14.470000
15.668333
28.305000
41.336667
56.363333
58.636667
54.053333
48.531667
42.306667
38.333333
31.556667
30.831667
30.416667
28.555000
33.610000
32.303333
26.416667
19.000000
20.031667
13.475000
10.443333
11.030000
8.751667
20.388333
19.191667
25.556667
39.195000
41.223333
46.221667
40.361667
36.083333
37.253333
39.445000
38.273333
33.556667
30.945000
28.221667
26.971667
32.723333
33.721667
26.941667
18.388333
20.691667
14.053333
10.305000
8.083333
7.306667
13.223333
12.641667
17.583333
30.945000
40.415000
50.078333
45.280000
40.196667
40.473333
40.280000
41.113333
34.558333
31.363333
29.780000
25.301667
30.111667
31.000000
26.168333
18.946667
20.885000
15.388333
11.056667
8.308333
7.750000
13.971667
11.640000
14.638333
24.498333
36.028333
53.415000
53.720000
48.166667
45.333333
39.220000
35.886667
32.585000
30.721667
35.113333
33.110000
41.195000
38.773333
28.831667
20.388333
19.803333
14.858333
10.693333
11.501667
8.805000
22.696667
26.335000
40.581667
46.943333
37.861667
43.165000
39.140000
36.138333
36.026667
40.110000
35.558333
30.556667
28.055000
30.220000
33.080000
43.416667
42.165000
31.946667
19.471667
18.386667
14.916667
9.000000
9.971667
8.805000
17.700000
23.251667
38.530000
43.806667
35.363333
38.805000
36.388333
33.193333
34.585000
40.750000
36.945000
31.165000
29.418333
32.750000
34.833333
45.331667
42.141667
32.585000
21.058333
19.415000
15.390000
8.168333
8.361667
8.863333
16.141667
23.110000
40.111667
45.416667
37.556667
39.166667
38.803333
33.831667
34.610000
40.028333
36.361667
31.943333
28.446667
30.558333
34.115000
44.250000
41.721667
30.413333
19.973333
18.360000
14.498333
7.498333
7.500000
8.195000
21.501667
25.390000
39.111667
44.030000
36.113333
39.195000
36.473333
34.418333
35.805000
39.531667
34.915000
31.050000
28.111667
29.083333
32.111667
43.943333
43.250000
33.443333
19.360000
18.166667
13.083333
7.471667
8.028333
8.416667
21.165000
25.641667
39.446667
46.086667
36.556667
35.888333
35.778333
33.168333
33.890000
39.361667
36.415000
31.803333
29.891667
29.556667
29.335000
36.693333
37.193333
29.028333
19.500000
21.556667
13.806667
10.080000
7.971667
7.418333
13.055000
13.055000
19.360000
34.860000
43.055000
55.861667
50.166667
44.555000
43.553333
43.446667
43.693333
37.360000
34.831667
31.081667
27.443333
31.028333
32.000000
26.611667
18.835000
21.501667
16.053333
10.805000
9.191667
7.528333
13.361667
11.113333
14.555000
28.225000
39.170000
56.388333
57.081667
53.863333
45.693333
40.890000
38.138333
32.385000
31.081667
34.196667
32.640000
40.946667
38.666667
28.945000
19.665000
18.666667
14.558333
9.500000
8.556667
8.246667
21.803333
25.280000
38.556667
45.555000
37.526667
41.610000
41.776667
37.641667
36.753333
42.833333
38.223333
31.556667
29.026667
30.443333
32.301667
43.806667
41.945000
31.780000
19.443333
18.278333
15.443333
10.196667
8.860000
9.223333
16.831667
23.250000
38.305000
43.000000
35.748333
37.640000
35.776667
32.695000
34.775000
39.748333
35.530000
30.528333
29.251667
29.585000
31.333333
41.055000
40.445000
30.193333
19.721667
19.473333
14.636667
9.751667
7.780000
8.030000
14.443333
17.776667
25.920000
34.641667
37.946667
48.833333
45.891667
43.415000
38.805000
39.248333
37.723333
33.251667
31.358333
33.610000
34.471667
43.581667
42.250000
29.583333
19.058333
17.695000
13.780000
9.388333
8.748333
9.000000
22.003333
25.721667
39.308333
45.333333
38.001667
40.585000
38.695000
34.610000
34.500000
40.638333
36.475000
32.251667
30.416667
30.611667
33.000000
43.111667
42.445000
30.916667
19.028333
19.663333
14.193333
10.806667
11.498333
9.663333
21.946667
26.945000
39.386667
45.000000
37.806667
39.333333
36.250000
33.668333
35.196667
40.886667
38.473333
34.523333
30.998333
31.108333
30.831667
37.861667
37.640000
28.306667
19.723333
21.278333
13.780000
11.108333
8.413333
7.750000
13.556667
13.526667
18.835000
32.888333
42.808333
50.471667
48.608333
42.780000
41.666667
42.026667
39.641667
35.890000
33.640000
31.193333
27.610000
29.636667
31.168333
26.500000
18.920000
21.446667
15.975000
11.166667
8.278333
7.445000
13.443333
10.863333
13.553333
24.218333
34.803333
55.250000
58.918333
54.081667
47.696667
43.195000
38.221667
32.000000
29.890000
33.695000
31.558333
38.306667
37.166667
29.498333
19.415000
19.000000
14.253333
9.996667
8.443333
8.581667
21.723333
25.610000
38.276667
46.503333
37.611667
42.136667
40.218333
37.361667
36.385000
40.531667
36.308333
30.390000
30.195000
29.776667
31.776667
44.638333
42.890000
31.833333
19.418333
18.861667
14.671667
9.971667
8.251667
8.750000
17.640000
23.775000
38.165000
44.888333
37.776667
37.778333
36.335000
34.333333
34.221667
40.276667
36.443333
30.668333
31.168333
31.696667
34.445000
45.638333
44.333333
32.058333
20.528333
18.276667
14.665000
10.611667
8.441667
8.330000
15.193333
23.246667
38.528333
44.108333
36.500000
38.058333
37.056667
37.833333
35.555000
40.251667
37.001667
31.360000
29.555000
30.945000
34.500000
45.195000
42.888333
30.056667
19.805000
17.778333
14.918333
10.138333
8.360000
7.943333
19.583333
25.166667
37.750000
44.386667
36.221667
40.031667
35.278333
32.916667
34.221667
39.388333
35.388333
32.195000
30.918333
30.306667
33.696667
43.418333
41.746667
32.530000
20.058333
18.863333
14.023333
9.891667
8.556667
8.363333
19.806667
25.141667
38.306667
45.695000
38.195000
39.915000
38.835000
35.643333
35.886667
40.721667
37.863333
34.748333
34.390000
30.833333
30.886667
37.193333
37.890000
29.445000
20.000000
21.386667
14.220000
10.691667
7.945000
7.250000
11.613333
13.135000
19.608333
35.641667
46.861667
56.830000
53.110000
46.581667
45.026667
44.081667
42.276667
38.195000
34.863333
33.390000
27.080000
31.581667
32.808333
27.168333
19.996667
22.691667
15.861667
10.443333
7.861667
7.306667
12.058333
10.721667
16.613333
28.390000
41.278333
59.803333
60.000000
50.610000
43.443333
39.835000
38.333333
33.251667
30.445000
32.751667
33.166667
41.803333
37.331667
27.056667
20.693333
18.443333
14.556667
9.778333
8.528333
8.641667
20.113333
25.225000
37.526667
43.945000
35.643333
39.250000
37.723333
35.058333
36.803333
39.053333
37.195000
30.416667
28.668333
30.388333
32.775000
43.390000
42.111667
30.861667
19.553333
17.861667
15.275000
10.083333
8.526667
8.975000
17.388333
24.000000
35.776667
39.888333
33.833333
37.305000
31.611667
35.553333
34.358333
39.918333
35.888333
30.665000
27.780000
32.441667
34.666667
43.000000
40.526667
30.305000
19.583333
18.221667
14.581667
9.890000
8.445000
8.198333
15.473333
22.805000
37.418333
45.441667
35.750000
38.085000
38.223333
34.388333
34.303333
40.775000
36.470000
30.916667
29.530000
31.361667
33.693333
45.746667
42.666667
31.886667
20.670000
18.858333
14.751667
8.303333
7.806667
7.971667
19.610000
25.058333
38.193333
44.333333
36.861667
40.970000
38.695000
34.500000
36.611667
41.445000
36.278333
31.555000
29.638333
30.776667
33.445000
43.386667
43.051667
32.191667
20.581667
19.001667
14.360000
8.750000
9.028333
8.805000
20.553333
25.750000
38.586667
46.083333
10.000000
39.585000
37.528333
34.055000
35.331667
39.888333
37.666667
33.110000
30.025000
31.195000
32.225000
38.278333
37.031667
28.945000
20.193333
21.388333
14.333333
10.666667
8.445000
7.970000
12.223333
13.051667
19.001667
34.970000
47.890000
55.971667
54.193333
46.666667
43.056667
44.586667
44.473333
38.861667
34.223333
31.918333
28.170000
30.556667
32.000000
26.805000
19.943333
22.615000
16.528333
11.275000
8.441667
7.863333
12.390000
11.110000
13.558333
24.391667
36.860000
55.586667
60.553333
54.528333
48.861667
43.611667
39.640000
33.223333
30.973333
32.670000
33.585000
39.998333
41.250000
29.055000
19.138333
18.585000
14.808333
9.973333
9.030000
8.666667
20.471667
24.860000
35.776667
42.778333
37.333333
40.420000
39.585000
39.555000
37.221667
41.193333
36.805000
30.000000
29.473333
30.335000
31.361667
43.225000
41.691667
32.421667
18.668333
18.333333
14.860000
9.998333
7.915000
8.001667
16.443333
22.555000
36.776667
42.471667
36.695000
39.360000
37.530000
34.693333
35.391667
40.416667
37.278333
30.558333
30.805000
30.666667
33.780000
44.385000
44.971667
33.000000
20.083333
19.080000
14.280000
10.556667
8.665000
8.753333
15.638333
23.333333
38.386667
44.775000
37.390000
39.860000
35.278333
33.306667
35.028333
40.725000
37.028333
31.361667
29.138333
28.670000
28.778333
38.140000
36.361667
28.583333
20.030000
21.361667
13.498333
11.528333
8.333333
8.056667
17.526667
14.860000
15.221667
27.725000
41.250000
56.386667
55.585000
50.583333
43.028333
42.026667
39.083333
35.195000
30.636667
29.138333
26.530000
31.306667
32.056667
26.968333
19.195000
20.443333
13.805000
10.420000
8.808333
8.391667
18.666667
19.420000
23.663333
34.971667
41.470000
48.555000
40.888333
36.886667
37.638333
40.418333
39.583333
34.581667
31.445000
29.636667
26.890000
33.583333
33.831667
28.336667
19.890000
21.388333
14.030000
11.056667
8.555000
7.888333
11.666667
11.748333
14.886667
26.915000
40.361667
55.941667
53.915000
45.801667
40.411667
38.581667
36.946667
32.030000
30.080000
29.836667
26.250000
29.916667
31.083333
27.136667
19.335000
21.473333
16.140000
11.196667
8.223333
7.335000
12.000000
10.835000
12.501667
22.335000
34.778333
53.468333
57.611667
51.555000
46.081667
42.723333
38.718333
33.805000
32.085000
34.446667
33.473333
40.723333
38.613333
29.498333
21.835000
18.585000
14.445000
9.996667
8.916667
8.610000
20.390000
25.248333
37.776667
45.000000
37.251667
40.526667
39.440000
35.971667
36.055000
42.556667
37.941667
31.721667
28.805000
29.056667
30.943333
42.693333
42.695000
32.138333
20.386667
18.028333
15.251667
10.610000
8.163333
8.550000
17.248333
23.306667
35.808333
43.055000
35.665000
38.415000
36.775000
33.610000
36.025000
40.913333
36.445000
30.361667
28.780000
30.973333
33.138333
44.890000
45.890000
33.943333
21.026667
18.693333
14.416667
10.471667
8.693333
8.331667
15.475000
22.583333
37.805000
44.333333
36.830000
37.636667
37.835000
36.250000
36.803333
40.721667
37.248333
31.000000
28.780000
31.665000
33.276667
43.973333
43.000000
33.055000
21.140000
18.583333
15.193333
10.778333
8.191667
8.498333
20.221667
24.225000
35.445000
42.776667
36.360000
37.166667
35.581667
35.026667
34.278333
39.301667
35.971667
30.448333
27.835000
29.916667
32.415000
44.413333
42.860000
33.190000
21.110000
19.805000
14.746667
10.418333
9.138333
9.025000
20.170000
26.195000
37.750000
43.558333
38.226667
38.028333
36.918333
35.611667
35.333333
39.941667
37.000000
31.638333
30.833333
31.195000
31.585000
38.026667
36.916667
29.225000
20.556667
21.446667
14.888333
11.443333
8.696667
8.028333
10.306667
11.833333
18.248333
36.085000
46.390000
53.613333
51.611667
46.166667
45.136667
44.778333
44.308333
36.863333
36.555000
34.581667
28.443333
32.136667
33.416667
26.251667
20.586667
22.306667
16.500000
11.528333
8.805000
8.251667
8.805000
9.668333
14.331667
28.086667
41.698333
58.083333
60.860000
51.721667
45.140000
40.721667
39.523333
34.638333
31.251667
33.221667
31.581667
40.168333
37.638333
27.833333
21.943333
19.250000
13.943333
9.803333
8.528333
8.223333
14.941667
22.303333
36.583333
43.805000
38.221667
40.945000
39.083333
36.555000
36.220000
40.223333
37.275000
32.055000
29.863333
29.278333
30.555000
41.555000
42.585000
31.916667
20.808333
18.613333
15.196667
10.418333
8.418333
8.195000
11.818333
21.735000
37.553333
43.528333
37.250000
38.473333
39.751667
34.191667
34.526667
40.056667
36.445000
30.833333
30.833333
30.198333
32.636667
43.305000
43.140000
34.168333
21.196667
19.638333
15.721667
10.001667
10.000000
9.026667
13.305000
23.945000
38.191667
45.028333
37.110000
37.028333
36.168333
34.195000
35.553333
39.693333
36.056667
31.915000
28.971667
29.471667
31.721667
42.831667
41.915000
31.528333
21.083333
19.415000
14.691667
11.140000
9.636667
8.748333
11.250000
21.500000
38.833333
45.418333
37.915000
39.413333
36.831667
34.335000
35.166667
39.358333
34.806667
30.778333
30.081667
29.968333
31.360000
43.165000
41.441667
32.026667
20.471667
20.360000
13.526667
10.638333
11.940000
9.360000
11.638333
20.941667
36.525000
46.526667
39.030000
40.278333
39.305000
34.475000
34.610000
37.996667
37.138333
33.030000
31.946667
30.305000
30.030000
37.250000
37.333333
30.418333
21.611667
22.280000
15.026667
11.416667
9.000000
8.138333
10.583333
13.140000
19.331667
35.053333
44.525000
55.640000
51.780000
44.803333
41.555000
42.721667
41.943333
38.778333
33.833333
30.975000
26.803333
32.221667
31.110000
27.696667
20.973333
22.356667
15.058333
11.113333
8.471667
8.278333
8.556667
10.221667
14.528333
27.555000
41.805000
63.055000
60.580000
50.110000
45.333333
40.611667
41.361667
35.861667
31.890000
32.081667
28.195000
34.056667
35.473333
29.558333
21.391667
23.275000
16.640000
9.781667
9.720000
9.448333
10.361667
15.306667
23.583333
38.750000
46.195000
54.916667
45.445000
40.805000
40.915000
42.860000
45.416667
40.973333
44.835000
49.833333
45.165000
41.943333
27.306667
23.891667
22.916667
25.413333
22.220000
18.861667
13.051667
9.556667
8.640000
9.503333
10.858333
18.945000
32.166667
50.610000
63.221667
65.998333
55.055000
32.833333
27.751667
28.670000
27.445000
27.693333
27.388333
30.583333
31.281667
28.113333
22.111667
21.361667
15.308333
10.475000
9.223333
7.721667
9.196667
9.581667
11.333333
19.556667
32.610000
57.055000
68.530000
69.945000
54.388333
35.638333
31.333333
28.530000
27.220000
28.193333
27.193333
33.945000
33.556667
28.116667
20.198333
21.333333
14.583333
10.251667
7.888333
7.860000
9.498333
15.333333
22.558333
35.835000
39.223333
51.001667
45.613333
41.670000
41.916667
41.528333
40.475000
34.558333
29.831667
29.915000
28.971667
36.473333
38.998333
30.218333
20.278333
21.336667
14.166667
9.693333
9.445000
8.666667
10.611667
16.056667
23.530000
35.335000
40.913333
48.390000
43.526667
39.890000
38.055000
40.500000
41.888333
36.696667
34.583333
31.888333
28.528333
35.610000
37.331667
28.696667
21.028333
21.863333
14.723333
11.361667
8.443333
8.026667
8.890000
11.111667
16.361667
29.526667
40.026667
52.083333
54.691667
48.390000
42.721667
43.615000
40.475000
37.166667
33.388333
30.750000
26.058333
30.030000
31.358333
27.803333
20.443333
22.081667
15.973333
11.306667
8.640000
7.778333
8.278333
9.165000
12.081667
22.441667
36.553333
55.030000
58.140000
53.555000
45.998333
42.221667
39.418333
33.776667
30.638333
30.803333
27.221667
32.831667
34.748333
28.305000
19.973333
20.553333
17.806667
10.166667
9.553333
8.331667
9.388333
13.720000
20.138333
32.806667
10.000000
50.140000
47.308333
44.501667
41.530000
43.193333
44.028333
39.916667
43.415000
51.498333
51.250000
52.220000
33.748333
25.805000
25.500000
