17.723333
18.083333
15.028333
11.973333
9.890000
8.941667
9.083333
10.138333
13.835000
22.695000
33.471667
42.305000
46.166667
44.776667
35.638333
30.943333
28.666667
27.833333
28.445000
28.583333
30.195000
29.250000
24.443333
18.416667
13.500000
10.028333
8.221667
6.443333
6.110000
9.028333
13.915000
25.750000
32.641667
39.028333
44.111667
43.860000
41.445000
38.418333
38.083333
37.055000
32.168333
29.305000
29.473333
30.250000
33.776667
35.276667
28.891667
20.361667
15.250000
10.500000
7.998333
6.500000
6.306667
8.026667
14.778333
26.111667
33.778333
39.888333
43.333333
43.028333
38.611667
35.805000
37.306667
37.168333
31.778333
28.416667
29.001667
30.445000
34.858333
36.806667
29.998333
21.335000
15.193333
10.168333
7.473333
6.418333
6.028333
7.138333
13.888333
26.030000
34.221667
40.528333
42.640000
39.250000
36.251667
34.221667
37.470000
37.776667
33.276667
29.250000
27.666667
29.471667
33.526667
35.221667
29.778333
20.693333
16.583333
10.833333
8.361667
6.468333
5.915000
7.191667
13.553333
25.030000
34.501667
40.445000
44.831667
41.138333
36.416667
35.083333
36.500000
38.803333
36.638333
36.833333
34.028333
25.775000
29.775000
31.945000
28.473333
22.418333
17.473333
12.306667
10.333333
8.030000
7.030000
7.945000
8.055000
12.555000
20.806667
37.526667
52.388333
59.335000
51.390000
45.056667
34.918333
31.388333
30.776667
28.026667
27.638333
27.776667
27.998333
29.276667
25.581667
19.443333
15.471667
11.555000
9.028333
6.556667
5.860000
6.111667
7.943333
13.805000
24.583333
40.778333
50.085000
49.583333
44.390000
40.890000
40.165000
38.471667
34.473333
31.445000
29.776667
28.610000
31.388333
31.555000
27.388333
22.028333
17.168333
12.946667
9.860000
7.388333
6.638333
7.388333
8.890000
12.388333
20.498333
35.110000
47.388333
49.831667
46.945000
43.666667
40.278333
37.250000
31.555000
29.333333
31.776667
34.723333
38.833333
34.583333
27.280000
20.583333
15.305000
9.750000
8.388333
6.528333
6.195000
9.500000
19.111667
38.668333
41.415000
38.833333
41.193333
39.276667
36.500000
35.918333
37.916667
34.528333
30.388333
28.108333
29.916667
34.641667
38.970000
40.610000
31.026667
21.386667
14.360000
9.388333
7.138333
6.496667
6.610000
8.388333
17.916667
36.638333
41.443333
39.473333
39.500000
36.638333
33.835000
33.498333
35.971667
33.750000
29.445000
29.111667
30.168333
35.250000
41.028333
41.608333
32.111667
21.943333
14.695000
9.360000
7.331667
6.583333
6.415000
8.306667
19.725000
38.555000
42.221667
39.778333
38.610000
36.026667
32.583333
33.778333
35.581667
33.471667
29.000000
27.890000
31.248333
37.055000
41.611667
39.916667
31.386667
21.278333
14.860000
9.000000
7.303333
6.500000
6.221667
8.140000
18.223333
38.248333
43.193333
38.193333
38.583333
38.693333
33.805000
33.223333
36.195000
33.723333
29.500000
28.831667
30.861667
35.583333
40.443333
40.248333
31.668333
20.860000
15.360000
10.138333
9.361667
7.778333
7.666667
10.221667
19.776667
38.471667
41.998333
38.943333
40.443333
37.915000
37.555000
35.053333
36.776667
35.528333
32.835000
31.556667
32.111667
34.721667
36.613333
35.555000
29.890000
21.471667
15.888333
11.860000
9.498333
7.416667
6.888333
7.750000
11.028333
16.195000
28.666667
44.695000
53.083333
52.111667
47.973333
45.583333
42.693333
40.750000
35.555000
33.195000
31.553333
30.445000
32.306667
31.805000
28.528333
21.390000
16.556667
12.026667
9.640000
7.721667
6.723333
7.388333
10.166667
13.056667
20.361667
36.168333
48.583333
50.693333
48.000000
44.110000
42.000000
39.055000
33.553333
29.361667
30.861667
36.305000
37.693333
35.083333
27.390000
19.723333
14.613333
10.083333
8.333333
6.445000
6.361667
9.250000
19.166667
39.306667
40.056667
37.666667
40.610000
37.860000
33.971667
34.418333
35.915000
33.443333
27.166667
26.918333
28.445000
34.083333
39.250000
39.108333
29.526667
20.221667
14.026667
9.026667
7.278333
6.723333
6.526667
8.361667
19.390000
37.668333
42.500000
37.276667
39.888333
37.888333
34.138333
33.361667
35.526667
35.083333
30.028333
28.250000
29.693333
35.168333
41.361667
39.833333
31.360000
21.248333
14.751667
9.806667
7.110000
6.386667
6.333333
8.223333
18.335000
38.250000
41.693333
39.083333
37.973333
37.888333
33.166667
35.640000
36.000000
34.918333
30.751667
29.445000
31.110000
36.248333
40.945000
38.805000
27.835000
19.583333
17.668333
11.416667
8.335000
6.808333
6.808333
8.361667
18.888333
37.333333
42.221667
38.110000
37.305000
36.140000
35.113333
33.750000
35.305000
32.638333
28.860000
28.030000
29.970000
34.386667
40.888333
39.305000
30.806667
21.585000
14.666667
9.776667
7.861667
6.860000
6.778333
8.915000
19.610000
38.498333
41.001667
38.640000
40.308333
39.250000
35.110000
36.528333
36.778333
35.916667
32.970000
31.028333
30.943333
33.636667
36.471667
35.498333
29.496667
22.498333
16.696667
11.776667
9.471667
7.553333
7.276667
7.778333
11.306667
17.028333
29.916667
45.666667
54.276667
52.778333
48.168333
43.083333
41.501667
40.388333
34.085000
31.470000
31.055000
30.833333
31.916667
32.608333
26.721667
20.528333
16.168333
12.250000
9.250000
7.386667
6.583333
6.805000
9.555000
12.780000
21.861667
37.113333
49.806667
54.443333
47.280000
42.416667
39.750000
37.888333
32.250000
29.640000
31.666667
33.083333
37.528333
35.861667
27.721667
19.613333
13.723333
9.751667
9.473333
7.751667
9.498333
10.360000
19.306667
37.473333
42.610000
37.778333
39.055000
37.443333
36.416667
36.001667
37.111667
33.750000
29.361667
27.611667
30.053333
34.500000
40.501667
39.666667
30.583333
20.970000
14.195000
9.445000
7.943333
6.916667
6.778333
8.638333
19.666667
37.251667
42.611667
38.386667
38.445000
36.751667
34.721667
34.693333
36.805000
33.806667
29.195000
28.166667
31.248333
36.500000
40.386667
40.333333
30.721667
20.390000
14.250000
9.418333
7.390000
6.583333
6.361667
8.638333
18.833333
38.640000
44.360000
40.473333
38.526667
35.693333
33.083333
33.945000
34.806667
34.276667
30.278333
28.750000
31.805000
36.501667
40.918333
38.361667
26.333333
19.221667
17.665000
11.108333
7.916667
6.636667
6.833333
8.416667
19.083333
36.278333
41.695000
37.556667
38.696667
37.471667
36.056667
34.915000
36.526667
33.526667
29.166667
29.416667
31.360000
37.305000
41.251667
39.443333
30.861667
20.138333
14.110000
9.416667
8.026667
6.998333
9.056667
8.638333
18.415000
36.360000
41.195000
37.390000
39.303333
37.666667
34.583333
34.861667
36.140000
35.030000
31.555000
30.501667
31.361667
33.833333
34.860000
35.446667
28.443333
20.803333
16.026667
11.803333
9.446667
7.695000
7.110000
7.833333
9.583333
15.055000
28.333333
44.805000
50.165000
49.248333
45.971667
43.055000
40.195000
39.248333
33.693333
29.778333
29.888333
29.390000
31.111667
31.113333
28.195000
21.890000
18.083333
13.000000
10.445000
8.666667
7.500000
7.666667
8.500000
11.028333
20.830000
36.083333
50.056667
54.473333
50.556667
45.638333
41.026667
38.445000
33.083333
29.581667
31.583333
33.165000
37.861667
36.695000
27.473333
19.500000
14.361667
10.305000
9.500000
8.030000
9.748333
11.333333
18.250000
38.026667
42.723333
39.140000
39.721667
38.945000
36.056667
35.473333
36.751667
34.585000
29.333333
28.083333
30.000000
35.335000
40.390000
39.416667
29.723333
20.640000
14.193333
9.166667
7.778333
7.000000
6.805000
8.695000
18.945000
36.441667
43.581667
38.418333
38.498333
37.083333
34.610000
34.278333
38.335000
34.085000
29.666667
27.610000
30.165000
36.945000
40.861667
41.416667
32.331667
10.000000
18.778333
14.333333
8.001667
7.250000
7.166667
9.138333
18.748333
37.500000
41.416667
33.388333
38.165000
37.361667
33.750000
33.335000
35.248333
33.276667
28.918333
28.750000
31.111667
32.388333
39.638333
37.973333
28.776667
20.888333
18.585000
14.026667
8.000000
7.000000
7.000000
8.553333
18.386667
34.945000
39.331667
33.221667
35.665000
35.748333
32.945000
32.251667
34.668333
32.973333
30.001667
28.583333
30.221667
31.305000
40.360000
39.000000
30.585000
19.861667
18.835000
13.581667
8.111667
7.250000
7.000000
8.720000
17.973333
33.500000
40.026667
35.168333
40.945000
39.581667
36.640000
37.388333
38.085000
37.110000
32.666667
31.498333
33.305000
30.638333
36.528333
36.026667
29.526667
20.445000
20.945000
14.918333
9.333333
7.721667
7.556667
7.780000
9.500000
14.110000
26.776667
38.970000
53.225000
53.365000
48.390000
46.166667
43.721667
41.581667
36.111667
31.971667
31.000000
28.613333
32.528333
32.305000
27.945000
20.525000
22.470000
16.720000
10.253333
8.028333
7.305000
7.805000
9.168333
11.556667
21.250000
31.500000
48.888333
52.666667
48.918333
43.446667
39.806667
37.806667
31.973333
28.278333
31.863333
31.943333
38.276667
36.526667
26.943333
18.501667
18.196667
13.583333
7.471667
6.695000
7.028333
8.918333
17.390000
36.028333
41.223333
34.610000
39.611667
37.638333
37.000000
35.805000
36.806667
33.360000
28.445000
26.278333
29.335000
31.055000
38.748333
38.611667
29.528333
18.250000
16.278333
12.416667
6.583333
5.835000
6.001667
7.696667
16.806667
35.390000
40.750000
34.308333
37.943333
35.890000
34.223333
32.971667
35.583333
33.888333
29.055000
26.776667
29.776667
30.500000
40.860000
39.445000
29.970000
18.693333
16.585000
12.500000
6.306667
5.638333
5.471667
7.555000
16.888333
35.388333
40.693333
34.471667
36.526667
6.888333
35.861667
33.638333
34.473333
32.361667
28.528333
27.028333
30.083333
31.636667
39.721667
35.445000
27.361667
19.388333
18.111667
13.140000
6.386667
5.360000
5.556667
7.280000
16.638333
33.528333
40.083333
34.556667
38.138333
35.748333
33.835000
34.140000
37.640000
32.831667
28.195000
26.751667
29.251667
30.945000
39.583333
37.390000
29.221667
18.610000
16.668333
11.583333
6.583333
5.333333
5.140000
6.666667
16.721667
33.833333
40.055000
35.416667
39.278333
36.971667
35.890000
35.471667
36.333333
34.805000
30.666667
29.443333
31.420000
29.638333
35.388333
33.638333
27.221667
18.166667
19.640000
13.000000
7.473333
6.305000
5.778333
6.278333
8.550000
14.481667
28.278333
38.496667
51.165000
51.583333
45.138333
42.195000
41.055000
38.223333
33.500000
29.721667
30.055000
27.888333
29.860000
28.498333
26.861667
18.111667
19.415000
14.498333
8.778333
6.860000
6.081667
6.251667
7.530000
10.695000
21.610000
32.113333
46.751667
51.361667
47.500000
42.693333
38.803333
35.861667
30.613333
26.888333
29.638333
29.805000
35.445000
33.916667
25.360000
16.918333
15.886667
11.945000
6.223333
5.110000
5.335000
7.556667
15.943333
34.223333
40.113333
34.750000
37.695000
36.861667
34.998333
34.168333
34.691667
31.971667
27.165000
25.973333
28.276667
29.640000
37.195000
37.638333
28.638333
17.890000
16.223333
12.056667
6.195000
5.361667
5.416667
6.918333
16.305000
34.361667
42.386667
33.221667
37.026667
36.778333
35.416667
33.973333
35.195000
33.528333
28.248333
26.386667
28.971667
30.250000
39.723333
36.276667
28.305000
19.416667
16.695000
12.306667
6.001667
5.220000
5.305000
7.138333
16.501667
34.751667
41.056667
35.000000
39.306667
36.416667
33.331667
33.195000
35.555000
32.888333
28.416667
28.831667
29.388333
30.526667
38.500000
40.030000
29.530000
18.308333
18.221667
12.251667
6.416667
5.501667
5.585000
7.140000
16.696667
36.056667
41.500000
34.083333
40.278333
35.833333
36.555000
31.971667
34.193333
31.470000
28.111667
26.471667
29.916667
30.166667
38.500000
38.583333
28.915000
19.083333
16.750000
12.110000
6.611667
5.443333
5.331667
6.945000
16.943333
36.055000
40.585000
36.085000
38.750000
38.331667
34.528333
34.695000
35.941667
33.526667
29.861667
28.055000
31.333333
29.055000
33.885000
32.555000
26.026667
18.000000
19.886667
13.390000
8.390000
6.555000
5.973333
6.360000
8.390000
13.778333
28.526667
41.500000
53.556667
52.388333
45.361667
41.973333
39.693333
38.721667
33.278333
29.640000
29.666667
25.305000
29.891667
29.583333
25.638333
19.000000
20.166667
14.416667
8.416667
6.528333
6.000000
6.528333
7.998333
10.806667
20.056667
31.388333
46.278333
47.971667
46.165000
41.555000
38.083333
34.890000
28.943333
26.471667
28.140000
28.471667
34.555000
32.165000
24.110000
17.500000
17.001667
12.890000
7.860000
6.055000
5.861667
8.111667
14.278333
27.445000
36.223333
35.610000
43.111667
41.110000
37.306667
37.945000
36.721667
34.998333
30.388333
27.693333
28.305000
28.471667
36.556667
37.583333
28.693333
17.778333
16.305000
12.026667
6.251667
5.666667
5.581667
7.195000
16.973333
34.860000
41.943333
34.223333
38.915000
37.610000
32.970000
33.388333
35.278333
32.610000
28.418333
28.416667
30.278333
29.693333
38.860000
38.001667
30.195000
18.305000
16.028333
12.053333
6.250000
5.473333
5.500000
7.280000
16.725000
35.443333
41.166667
33.250000
37.333333
35.471667
33.583333
33.136667
35.415000
32.443333
28.805000
26.501667
28.668333
30.695000
38.363333
38.083333
29.193333
17.696667
17.280000
13.470000
6.971667
6.000000
6.581667
8.391667
16.168333
35.890000
42.335000
33.305000
36.805000
35.443333
34.221667
32.666667
34.445000
33.055000
27.941667
27.251667
28.973333
30.835000
38.193333
38.140000
29.585000
18.778333
17.000000
12.416667
6.775000
5.915000
5.553333
7.305000
16.721667
36.666667
42.585000
36.195000
40.165000
36.363333
35.693333
34.666667
35.583333
35.110000
32.000000
29.525000
30.666667
29.833333
34.693333
33.333333
25.860000
18.640000
19.306667
12.971667
8.390000
6.388333
6.028333
6.418333
8.806667
15.696667
31.193333
41.528333
51.805000
51.055000
44.998333
42.028333
40.636667
37.835000
32.806667
29.776667
29.973333
27.418333
30.390000
30.555000
25.195000
18.640000
19.778333
14.223333
8.528333
7.166667
5.945000
6.361667
8.278333
12.306667
23.225000
34.583333
49.471667
50.278333
44.751667
39.055000
37.223333
35.360000
30.583333
27.526667
30.973333
31.583333
37.081667
34.530000
25.721667
18.221667
17.583333
14.223333
8.441667
7.138333
9.471667
10.971667
17.471667
37.555000
42.723333
34.055000
38.388333
37.553333
34.303333
34.971667
35.110000
32.193333
27.666667
27.583333
28.361667
31.168333
39.443333
37.610000
29.335000
17.971667
17.110000
12.695000
6.805000
5.750000
5.833333
8.195000
17.388333
37.278333
44.806667
37.000000
39.168333
36.221667
33.555000
33.360000
37.250000
32.695000
28.528333
28.528333
30.305000
31.390000
40.361667
37.916667
28.998333
18.720000
17.388333
12.886667
6.863333
6.083333
6.000000
8.000000
17.556667
36.971667
44.473333
10.000000
37.751667
34.888333
33.638333
33.000000
34.891667
32.530000
28.195000
27.640000
29.585000
30.416667
38.640000
37.861667
28.693333
18.441667
17.831667
13.665000
8.693333
7.390000
9.500000
11.140000
17.916667
38.166667
45.666667
34.806667
38.748333
35.221667
35.168333
34.916667
34.668333
32.388333
29.000000
27.331667
29.553333
30.390000
39.833333
39.083333
28.915000
19.223333
16.861667
12.723333
6.751667
5.833333
5.833333
7.888333
17.335000
39.055000
45.168333
38.221667
39.220000
38.165000
33.890000
34.723333
34.695000
33.665000
31.860000
30.390000
31.836667
30.250000
35.585000
33.665000
26.833333
19.280000
20.553333
13.638333
7.721667
6.610000
6.081667
6.888333
9.085000
16.778333
32.113333
42.331667
54.111667
50.670000
43.223333
40.916667
40.136667
37.638333
32.808333
29.888333
30.416667
27.583333
31.391667
30.026667
26.418333
19.250000
21.110000
15.223333
9.251667
7.195000
6.585000
7.110000
8.220000
13.363333
24.945000
34.361667
48.750000
51.223333
46.193333
40.498333
38.693333
35.166667
30.251667
27.553333
29.723333
30.611667
37.525000
35.110000
27.890000
18.390000
18.443333
14.250000
9.111667
7.780000
9.916667
11.581667
18.415000
39.945000
44.416667
35.971667
40.055000
38.668333
35.250000
33.750000
35.695000
33.055000
29.166667
26.998333
28.611667
29.526667
38.500000
38.055000
28.470000
18.585000
17.361667
12.390000
6.861667
5.831667
6.055000
8.306667
17.638333
38.971667
44.083333
34.195000
38.471667
35.193333
32.973333
33.280000
35.945000
32.860000
28.835000
26.636667
29.333333
31.305000
39.306667
38.498333
29.805000
18.223333
16.861667
12.971667
6.916667
5.860000
5.693333
7.916667
17.860000
40.028333
45.610000
35.166667
39.166667
37.333333
32.945000
33.693333
35.330000
33.778333
28.886667
27.360000
30.528333
31.805000
40.111667
36.638333
28.470000
19.500000
18.111667
13.888333
8.861667
7.666667
9.500000
11.331667
18.080000
38.720000
45.970000
35.331667
39.665000
35.721667
35.360000
38.248333
35.193333
33.306667
28.723333
28.363333
29.943333
31.500000
41.055000
38.611667
29.363333
19.111667
17.638333
12.193333
6.971667
6.388333
5.831667
8.195000
17.833333
38.778333
46.388333
35.998333
38.195000
37.303333
35.248333
34.693333
35.973333
35.805000
32.138333
31.471667
32.335000
31.221667
36.166667
34.388333
27.195000
19.831667
21.083333
14.055000
8.886667
7.221667
6.886667
7.196667
9.666667
17.695000
34.498333
42.945000
53.360000
50.583333
46.055000
41.886667
41.055000
38.611667
34.998333
30.971667
31.056667
29.056667
32.223333
32.695000
26.720000
19.553333
22.221667
15.860000
9.668333
7.583333
6.720000
7.526667
8.916667
14.358333
26.445000
37.028333
51.415000
50.025000
45.415000
41.333333
37.831667
35.111667
31.056667
28.055000
30.361667
31.861667
39.945000
35.888333
28.360000
19.111667
18.388333
14.055000
9.418333
8.500000
10.555000
12.721667
18.666667
40.333333
46.193333
36.556667
40.331667
37.691667
34.083333
34.693333
35.333333
33.138333
28.055000
26.835000
29.053333
30.945000
38.693333
37.886667
28.640000
18.168333
16.361667
12.445000
7.026667
6.138333
6.223333
8.418333
18.165000
39.471667
44.916667
35.248333
38.028333
35.306667
32.943333
33.888333
35.500000
33.528333
29.640000
27.695000
30.028333
31.918333
41.416667
39.971667
30.278333
18.000000
17.278333
13.030000
7.416667
6.501667
6.778333
8.891667
18.858333
40.721667
45.475000
38.140000
39.195000
36.028333
32.530000
33.583333
35.528333
32.831667
29.053333
27.553333
30.471667
32.000000
39.861667
39.056667
29.446667
18.558333
17.721667
13.638333
8.583333
7.805000
9.918333
11.360000
18.696667
40.918333
45.305000
35.001667
38.138333
37.445000
35.833333
33.583333
35.335000
32.305000
27.640000
26.861667
29.111667
29.835000
38.776667
38.971667
29.195000
19.110000
17.276667
12.805000
7.275000
6.083333
5.861667
8.111667
17.970000
40.721667
44.195000
35.140000
40.331667
37.418333
34.333333
34.250000
34.666667
35.026667
31.136667
31.251667
30.916667
29.331667
34.971667
34.638333
29.083333
19.528333
21.305000
13.611667
8.750000
7.250000
6.945000
7.721667
10.221667
19.055000
35.110000
44.723333
53.861667
48.750000
44.055000
40.916667
39.386667
37.081667
32.665000
29.833333
30.028333
28.415000
30.501667
29.193333
26.276667
19.860000
21.140000
15.581667
9.028333
7.416667
6.473333
6.500000
8.525000
14.445000
27.026667
37.136667
50.666667
52.001667
43.528333
37.666667
35.445000
33.806667
29.360000
27.111667
30.416667
31.721667
39.138333
36.000000
27.361667
18.276667
18.443333
13.916667
9.083333
9.386667
11.886667
13.555000
21.391667
42.166667
45.611667
35.111667
38.193333
37.193333
34.971667
34.805000
36.250000
32.693333
29.248333
26.638333
28.110000
29.611667
37.085000
37.418333
29.140000
17.945000
16.748333
13.223333
6.915000
6.055000
5.943333
8.581667
19.193333
40.196667
46.918333
35.750000
38.803333
36.528333
35.693333
33.778333
34.831667
33.028333
28.306667
27.581667
29.361667
30.886667
40.555000
37.776667
28.276667
19.055000
16.278333
12.611667
6.528333
5.888333
6.250000
8.556667
18.415000
38.973333
41.306667
31.528333
35.166667
33.221667
30.861667
31.360000
32.473333
29.500000
25.915000
26.805000
29.221667
30.196667
39.053333
38.861667
29.725000
18.111667
18.140000
15.331667
9.168333
7.751667
8.001667
11.860000
18.416667
38.888333
41.500000
31.805000
35.471667
34.443333
33.665000
34.111667
36.416667
33.585000
29.360000
27.638333
30.416667
31.445000
41.695000
40.583333
31.138333
19.666667
17.945000
12.973333
8.415000
6.888333
6.751667
8.805000
19.221667
41.081667
44.443333
36.085000
38.721667
38.026667
33.525000
33.998333
36.138333
34.475000
31.365000
29.418333
30.138333
30.721667
35.500000
33.945000
28.721667
19.166667
20.500000
14.666667
8.805000
6.860000
6.443333
6.916667
9.750000
18.803333
34.390000
41.721667
51.806667
48.585000
43.501667
40.778333
39.528333
37.638333
32.138333
30.748333
29.110000
28.138333
34.193333
32.136667
26.110000
19.916667
18.860000
15.361667
8.640000
6.833333
5.998333
7.583333
8.391667
10.931667
18.778333
28.000000
42.250000
49.223333
44.943333
42.805000
38.803333
36.113333
32.030000
27.835000
29.221667
29.361667
38.640000
41.306667
30.890000
20.498333
18.445000
14.028333
8.613333
8.138333
8.305000
11.861667
20.971667
34.748333
41.443333
34.250000
39.666667
38.805000
35.581667
35.860000
37.111667
34.221667
29.195000
26.610000
29.165000
29.555000
39.611667
40.055000
32.278333
18.583333
19.333333
14.195000
7.555000
6.723333
6.861667
8.638333
17.333333
36.030000
43.166667
34.860000
38.498333
37.693333
35.055000
34.166667
34.583333
32.610000
29.331667
27.696667
28.890000
31.638333
41.916667
40.946667
32.611667
20.998333
18.973333
13.443333
7.915000
7.221667
7.415000
9.166667
17.140000
37.025000
43.861667
35.223333
37.081667
34.640000
33.223333
33.693333
35.473333
34.833333
31.890000
28.251667
29.280000
29.111667
37.918333
37.083333
30.028333
20.998333
18.498333
14.251667
8.971667
7.526667
7.280000
11.388333
14.808333
28.861667
37.363333
35.445000
43.776667
42.443333
39.001667
36.805000
37.276667
35.583333
32.250000
31.556667
30.723333
30.418333
41.970000
40.083333
31.250000
20.028333
18.750000
13.663333
8.110000
6.943333
7.053333
10.333333
17.138333
37.945000
42.888333
35.833333
39.390000
36.083333
34.140000
34.695000
35.138333
33.415000
30.751667
30.556667
30.640000
29.888333
36.530000
36.556667
29.693333
20.610000
21.028333
14.113333
8.333333
6.890000
6.110000
7.248333
9.280000
17.028333
30.665000
10.000000
53.333333
52.361667
45.556667
40.250000
39.751667
37.585000
33.223333
32.191667
32.138333
29.610000
31.640000
33.221667
27.055000
20.250000
16.388333
11.916667
10.530000
10.916667
11.195000
13.638333
13.776667
15.888333
23.831667
30.390000
38.415000
36.526667
30.498333
27.638333
27.055000
26.221667
23.750000
24.026667
27.636667
29.583333
33.470000
26.110000
20.695000
15.083333
13.278333
10.056667
9.085000
9.140000
11.333333
13.471667
17.526667
25.168333
30.610000
31.055000
33.390000
36.583333
34.778333
25.806667
25.751667
24.501667
23.000000
22.831667
19.721667
20.333333
24.055000
22.556667
20.250000
15.808333
13.251667
9.668333
8.833333
10.333333
10.780000
11.638333
15.388333
27.723333
26.805000
26.526667
24.471667
25.388333
22.581667
17.390000
17.916667
17.835000
15.306667
15.250000
16.945000
18.001667
21.526667
18.916667
18.028333
14.250000
12.640000
8.748333
7.666667
8.640000
10.473333
11.500000
14.833333
20.250000
21.971667
21.221667
19.025000
19.638333
18.973333
17.666667
17.528333
17.306667
15.973333
15.943333
15.168333
17.221667
19.331667
18.195000
17.721667
14.028333
11.165000
8.221667
7.886667
9.250000
8.220000
8.971667
11.556667
16.668333
28.195000
23.581667
31.026667
20.916667
19.636667
19.083333
22.361667
24.890000
18.165000
16.250000
15.500000
16.970000
17.640000
18.473333
17.668333
17.140000
12.693333
9.641667
8.058333
7.445000
8.416667
10.833333
9.806667
12.306667
15.473333
22.636667
26.971667
28.778333
26.250000
22.836667
19.918333
19.638333
17.750000
16.610000
16.583333
16.223333
18.026667
19.500000
17.890000
14.416667
13.136667
10.498333
8.750000
9.305000
9.276667
11.056667
10.610000
12.890000
18.610000
24.278333
27.000000
26.890000
23.306667
21.110000
20.778333
20.276667
18.305000
18.193333
19.498333
19.275000
17.888333
18.085000
17.918333
13.638333
13.388333
10.528333
9.473333
8.753333
8.863333
10.833333
9.556667
12.388333
16.971667
23.055000
29.278333
32.806667
27.028333
24.000000
21.916667
19.806667
18.386667
18.750000
18.306667
20.640000
22.778333
21.608333
19.833333
15.640000
14.056667
10.303333
8.501667
7.833333
8.221667
9.028333
10.193333
12.666667
16.193333
21.501667
30.473333
33.526667
30.026667
26.861667
24.136667
22.943333
21.415000
19.801667
19.081667
22.886667
27.778333
24.001667
19.500000
14.276667
11.751667
8.445000
7.888333
8.250000
8.191667
10.443333
16.138333
30.916667
32.445000
27.666667
22.388333
18.528333
17.415000
17.915000
20.500000
25.361667
18.250000
16.110000
16.168333
18.833333
24.638333
22.473333
19.083333
15.055000
13.168333
8.443333
7.110000
7.000000
8.443333
12.916667
20.306667
27.028333
27.946667
24.780000
23.305000
21.028333
22.943333
19.751667
19.528333
20.303333
20.193333
16.640000
18.083333
21.500000
24.861667
23.471667
20.721667
15.695000
12.166667
8.001667
7.530000
7.666667
8.333333
10.943333
15.751667
27.945000
30.111667
24.666667
25.000000
23.195000
18.473333
17.471667
18.723333
16.638333
15.390000
15.305000
16.026667
19.026667
22.443333
22.806667
20.386667
14.583333
11.223333
8.581667
7.526667
7.418333
8.166667
11.280000
17.973333
27.555000
26.418333
24.805000
20.860000
19.221667
19.081667
17.915000
19.026667
18.778333
19.166667
16.500000
17.916667
19.278333
21.890000
20.445000
18.248333
14.026667
11.695000
9.000000
8.165000
7.636667
8.470000
11.221667
11.195000
13.918333
21.833333
27.223333
30.751667
29.280000
25.388333
22.750000
22.195000
21.776667
19.555000
18.138333
17.890000
18.471667
19.915000
20.000000
18.306667
15.250000
12.973333
9.806667
9.193333
8.473333
9.306667
10.140000
10.918333
12.696667
17.890000
24.555000
28.835000
31.416667
28.000000
26.776667
24.081667
22.888333
19.470000
17.081667
18.916667
18.971667
23.860000
23.085000
20.221667
14.916667
11.276667
8.500000
8.000000
8.861667
9.250000
10.723333
17.720000
27.055000
28.835000
36.500000
23.471667
21.191667
18.640000
18.833333
19.165000
19.390000
19.170000
18.750000
16.361667
19.166667
22.805000
22.805000
19.860000
14.973333
10.248333
7.553333
7.471667
7.501667
8.583333
13.835000
17.945000
30.303333
34.778333
22.971667
21.748333
19.026667
22.888333
21.361667
21.000000
17.526667
16.413333
17.553333
18.110000
22.276667
26.223333
23.333333
20.083333
14.971667
10.721667
8.803333
7.691667
8.581667
9.250000
12.138333
18.805000
27.665000
26.945000
23.886667
21.748333
21.805000
19.500000
18.556667
19.358333
19.581667
18.778333
18.831667
21.835000
23.390000
26.026667
22.278333
19.695000
15.418333
10.751667
7.693333
7.693333
8.221667
8.388333
10.500000
17.806667
29.806667
29.723333
24.390000
24.193333
23.555000
23.501667
22.136667
25.083333
19.585000
20.220000
16.641667
17.138333
20.335000
24.415000
25.500000
21.220000
14.943333
11.583333
8.723333
7.861667
8.695000
11.863333
17.140000
19.333333
32.138333
32.638333
26.638333
26.721667
24.250000
21.556667
18.973333
22.388333
19.193333
18.000000
17.806667
19.251667
20.446667
23.138333
21.943333
20.111667
15.721667
12.916667
9.941667
9.750000
8.778333
8.916667
12.471667
13.111667
16.055000
23.500000
29.831667
30.970000
30.723333
28.638333
26.830000
25.083333
24.473333
22.028333
21.695000
23.556667
23.696667
19.056667
17.083333
18.000000
14.306667
13.750000
9.748333
9.331667
10.526667
9.946667
12.000000
11.166667
13.110000
18.418333
24.251667
30.303333
32.138333
27.998333
25.248333
25.386667
22.750000
20.555000
19.361667
19.470000
21.916667
25.195000
23.195000
19.861667
14.693333
12.195000
8.611667
8.028333
9.415000
9.861667
12.916667
17.583333
27.945000
29.418333
25.028333
22.581667
21.918333
21.695000
21.001667
20.500000
25.445000
20.053333
20.833333
18.056667
21.361667
23.081667
22.193333
19.693333
14.000000
11.445000
8.498333
8.415000
8.473333
10.611667
13.333333
17.526667
37.335000
30.695000
24.361667
23.083333
23.333333
24.113333
25.223333
25.611667
20.055000
20.305000
21.195000
21.251667
23.861667
28.640000
22.445000
18.750000
15.306667
12.361667
10.336667
8.391667
9.526667
10.221667
13.220000
20.278333
29.833333
28.886667
21.973333
23.971667
23.805000
21.890000
23.556667
19.306667
18.305000
16.331667
20.303333
24.305000
23.861667
24.083333
22.610000
19.470000
14.443333
11.776667
7.831667
8.500000
8.248333
8.971667
11.416667
16.915000
28.276667
29.193333
26.221667
27.113333
26.638333
24.473333
23.806667
24.278333
24.861667
23.890000
23.498333
25.361667
27.166667
31.833333
27.083333
22.835000
17.166667
12.860000
9.638333
8.918333
9.721667
12.721667
17.053333
22.026667
33.026667
41.085000
29.723333
26.776667
30.663333
21.556667
22.805000
20.111667
19.278333
18.028333
17.723333
19.555000
22.666667
24.416667
21.501667
19.166667
15.528333
13.361667
9.585000
10.388333
9.526667
9.721667
13.445000
13.526667
16.778333
23.471667
28.250000
30.473333
28.611667
26.415000
24.111667
24.471667
25.165000
20.611667
18.945000
19.000000
19.333333
21.416667
21.085000
19.140000
15.806667
13.165000
10.083333
9.195000
9.443333
10.166667
11.526667
10.833333
13.306667
19.195000
25.778333
30.086667
31.056667
28.280000
25.390000
23.443333
21.280000
19.500000
18.111667
19.251667
20.805000
23.886667
23.278333
20.195000
16.500000
13.276667
9.721667
8.693333
9.891667
10.946667
10.666667
13.000000
21.555000
27.748333
32.805000
27.583333
23.860000
21.140000
21.195000
21.556667
19.863333
17.278333
16.916667
16.221667
16.945000
19.725000
22.001667
19.418333
20.000000
19.028333
13.918333
7.806667
6.695000
5.861667
6.278333
7.778333
12.776667
23.530000
33.306667
48.833333
51.085000
43.778333
40.250000
36.776667
34.860000
29.721667
26.945000
29.390000
30.638333
39.305000
38.805000
29.945000
19.333333
17.501667
12.778333
8.386667
7.166667
7.581667
13.136667
18.583333
40.166667
44.418333
34.888333
36.361667
35.361667
32.166667
32.915000
34.971667
31.918333
28.585000
27.723333
28.333333
30.195000
37.916667
38.416667
31.445000
19.776667
17.305000
12.416667
6.860000
5.916667
5.610000
7.721667
17.528333
38.916667
45.500000
34.055000
37.585000
35.308333
31.751667
32.113333
33.748333
32.250000
28.583333
26.526667
28.056667
29.056667
40.556667
40.085000
31.751667
19.611667
17.473333
11.945000
8.195000
7.361667
7.306667
12.695000
17.971667
39.666667
44.418333
34.665000
37.723333
36.251667
33.945000
34.168333
34.640000
32.331667
30.223333
29.695000
29.750000
29.526667
36.111667
35.886667
29.500000
19.915000
21.778333
14.250000
8.138333
6.555000
5.831667
6.608333
9.611667
18.111667
32.140000
41.860000
52.055000
49.611667
42.528333
40.166667
39.528333
36.668333
31.915000
29.666667
30.081667
28.278333
32.693333
31.555000
27.111667
21.555000
21.750000
15.833333
9.471667
7.973333
6.251667
6.721667
8.081667
14.248333
21.998333
32.361667
47.888333
49.778333
44.721667
41.693333
34.666667
31.776667
29.916667
27.250000
28.666667
29.831667
38.805000
39.553333
31.360000
20.693333
18.861667
13.610000
9.165000
8.250000
8.613333
14.973333
18.973333
40.556667
43.833333
34.610000
39.501667
37.305000
34.168333
33.861667
34.250000
31.721667
27.806667
26.861667
29.196667
30.611667
40.140000
39.721667
31.055000
18.886667
17.668333
13.530000
6.640000
5.971667
6.221667
8.360000
17.611667
40.693333
44.225000
34.361667
37.973333
36.416667
33.916667
32.361667
34.861667
33.083333
29.361667
29.223333
29.695000
32.085000
42.083333
43.443333
33.388333
20.638333
19.276667
14.695000
9.666667
8.556667
9.138333
15.140000
19.251667
42.305000
46.583333
36.666667
40.000000
35.916667
32.776667
34.303333
34.861667
32.611667
31.806667
28.055000
31.721667
34.445000
43.556667
41.446667
32.776667
21.831667
18.055000
13.471667
7.000000
6.388333
5.945000
8.501667
19.416667
40.750000
45.250000
37.136667
40.136667
38.750000
35.666667
35.723333
37.030000
36.611667
34.443333
32.530000
33.665000
33.473333
42.083333
41.665000
32.943333
20.306667
19.138333
13.833333
9.640000
8.306667
8.083333
14.363333
18.640000
42.391667
44.416667
35.666667
39.165000
37.583333
35.278333
35.306667
35.638333
34.388333
33.361667
30.946667
32.278333
31.610000
37.445000
37.610000
30.363333
20.861667
22.305000
14.416667
9.001667
7.860000
6.668333
7.166667
10.583333
20.221667
35.250000
44.333333
52.498333
50.026667
43.945000
42.638333
40.583333
37.000000
33.110000
31.498333
32.693333
29.498333
33.138333
33.890000
27.833333
20.971667
22.693333
15.890000
9.778333
8.081667
7.056667
7.138333
8.890000
15.083333
26.140000
34.695000
48.220000
48.415000
42.500000
38.971667
35.636667
35.193333
30.526667
28.166667
29.860000
31.333333
38.611667
39.138333
31.140000
20.388333
19.860000
14.000000
7.693333
7.275000
7.388333
12.638333
19.501667
42.278333
47.251667
34.863333
39.276667
37.391667
35.861667
34.888333
35.581667
32.083333
28.250000
28.138333
30.193333
30.111667
39.775000
39.360000
31.666667
19.833333
17.250000
12.945000
7.166667
6.193333
5.973333
7.890000
18.666667
42.636667
44.916667
34.111667
38.110000
35.581667
36.195000
38.140000
37.056667
33.860000
28.695000
29.193333
30.193333
32.638333
41.083333
42.360000
33.250000
20.973333
19.863333
14.250000
9.220000
8.611667
8.581667
14.165000
18.778333
39.585000
42.610000
34.583333
37.083333
36.083333
33.000000
31.750000
34.471667
31.695000
29.528333
27.973333
30.360000
30.358333
40.780000
40.306667
32.835000
20.221667
17.831667
12.830000
7.416667
6.863333
6.528333
8.805000
18.886667
41.636667
43.196667
33.361667
35.945000
34.110000
31.248333
32.415000
34.971667
32.611667
28.583333
28.470000
30.526667
30.803333
39.748333
39.638333
30.473333
19.638333
18.916667
13.693333
9.553333
8.528333
8.611667
13.695000
18.748333
42.028333
41.778333
34.556667
38.445000
36.583333
34.833333
34.305000
35.945000
35.528333
33.360000
32.193333
31.056667
30.221667
35.583333
36.835000
30.361667
21.556667
21.331667
15.446667
9.473333
7.973333
7.248333
8.138333
11.028333
18.640000
33.110000
41.860000
50.250000
50.195000
45.581667
42.971667
40.665000
37.833333
33.026667
30.416667
29.663333
28.195000
33.418333
32.918333
27.750000
19.306667
22.138333
16.055000
9.276667
8.585000
7.111667
6.916667
8.225000
12.806667
20.028333
30.140000
47.248333
47.973333
44.638333
39.303333
36.136667
35.416667
31.556667
28.335000
29.861667
31.110000
37.388333
37.000000
27.361667
18.360000
17.695000
13.333333
9.111667
8.305000
8.305000
12.276667
19.888333
39.168333
41.288333
33.025000
37.250000
25.055000
32.276667
31.780000
33.723333
31.058333
26.278333
26.416667
27.331667
27.665000
36.860000
37.665000
30.081667
18.390000
16.916667
12.583333
6.860000
6.610000
6.335000
8.195000
17.473333
38.165000
39.500000
33.778333
39.001667
36.973333
34.668333
33.555000
35.056667
34.028333
30.668333
29.193333
29.833333
30.695000
40.528333
40.723333
32.501667
21.000000
19.415000
14.000000
9.083333
8.000000
8.611667
13.693333
19.195000
40.555000
45.636667
36.831667
38.776667
34.721667
31.055000
32.138333
34.113333
32.528333
29.248333
28.195000
29.443333
31.000000
40.361667
41.223333
33.000000
20.666667
18.276667
13.138333
6.555000
6.138333
6.028333
7.110000
15.525000
35.221667
57.805000
35.361667
38.361667
28.276667
32.750000
32.916667
34.805000
32.166667
28.890000
28.030000
29.918333
30.805000
39.583333
41.693333
33.250000
21.056667
19.501667
13.555000
9.223333
8.028333
8.526667
14.141667
19.585000
45.085000
45.861667
37.223333
40.471667
36.583333
33.721667
33.000000
35.225000
33.556667
30.888333
31.250000
31.331667
30.583333
39.083333
37.725000
28.306667
20.501667
23.113333
15.000000
8.666667
7.166667
6.333333
7.193333
10.166667
18.750000
32.221667
41.640000
50.361667
48.081667
42.193333
38.083333
39.028333
35.360000
32.503333
29.583333
31.335000
27.195000
31.445000
32.610000
27.526667
21.416667
21.778333
15.666667
9.306667
7.640000
6.611667
6.776667
8.416667
14.833333
24.973333
33.361667
47.306667
45.805000
40.195000
37.361667
35.751667
32.805000
31.556667
29.388333
29.000000
28.833333
35.085000
36.585000
30.056667
21.278333
21.750000
15.778333
10.138333
8.805000
9.250000
13.500000
12.333333
23.000000
35.831667
39.971667
50.750000
48.471667
42.333333
40.500000
39.916667
38.528333
34.750000
33.331667
34.693333
33.360000
41.920000
44.028333
33.526667
20.750000
19.083333
14.915000
7.860000
6.723333
7.805000
10.138333
18.360000
40.945000
45.498333
35.026667
37.888333
38.613333
35.695000
34.776667
35.280000
33.138333
30.081667
28.251667
30.696667
32.333333
41.166667
41.501667
33.640000
21.973333
14.528333
14.360000
9.278333
8.305000
9.083333
14.138333
18.861667
41.081667
45.805000
25.556667
1.445000
1.445000
1.445000
12.498333
36.195000
33.416667
30.055000
29.306667
31.721667
32.803333
42.360000
42.748333
34.556667
20.640000
19.276667
14.915000
7.445000
6.695000
7.580000
9.555000
19.276667
40.861667
46.111667
10.000000
38.026667
36.416667
33.276667
32.971667
35.471667
33.111667
30.888333
30.445000
31.945000
32.750000
42.831667
43.333333
35.611667
22.778333
20.473333
14.861667
9.916667
8.805000
9.555000
14.585000
20.001667
42.083333
45.750000
36.806667
39.693333
37.000000
34.556667
36.140000
36.640000
34.140000
32.638333
32.695000
32.805000
30.915000
37.861667
38.138333
31.556667
22.500000
22.780000
15.638333
9.778333
8.443333
7.861667
7.943333
10.861667
20.055000
34.333333
43.695000
51.001667
47.416667
42.471667
39.973333
40.441667
37.360000
33.583333
31.556667
32.695000
31.446667
35.001667
36.806667
32.445000
22.611667
22.335000
16.833333
10.390000
9.056667
7.973333
7.611667
9.860000
15.750000
25.083333
31.471667
43.556667
48.026667
44.083333
39.945000
37.945000
35.195000
31.916667
29.668333
33.695000
33.111667
37.305000
35.305000
29.166667
20.165000
18.861667
14.248333
9.470000
8.860000
9.416667
12.750000
20.666667
41.110000
43.445000
34.083333
38.028333
36.640000
34.278333
33.668333
34.945000
31.833333
28.168333
27.526667
29.970000
30.388333
39.445000
41.640000
32.500000
20.806667
18.611667
13.945000
7.611667
7.581667
8.471667
13.196667
19.390000
40.750000
45.805000
37.081667
38.166667
35.805000
33.581667
34.553333
35.746667
32.833333
29.778333
29.305000
30.721667
31.971667
42.025000
42.691667
33.721667
20.360000
18.778333
13.723333
9.778333
8.973333
8.916667
14.111667
20.556667
40.973333
43.971667
34.140000
37.000000
34.193333
31.665000
33.583333
35.833333
33.250000
30.526667
28.750000
31.416667
31.528333
43.696667
40.861667
33.528333
21.470000
18.723333
13.000000
9.001667
8.498333
8.943333
13.693333
20.416667
40.693333
44.583333
35.001667
38.136667
36.636667
33.943333
33.221667
34.500000
32.333333
30.140000
29.581667
32.276667
33.276667
41.833333
40.805000
35.140000
21.943333
19.306667
14.278333
9.136667
8.750000
8.501667
13.195000
20.140000
41.916667
45.250000
37.583333
39.500000
38.860000
33.390000
34.361667
35.193333
34.638333
32.888333
32.723333
33.640000
31.888333
38.750000
36.140000
29.390000
21.193333
22.416667
14.498333
8.388333
7.750000
7.390000
7.666667
11.000000
19.221667
33.225000
41.501667
52.081667
48.943333
41.861667
40.916667
39.416667
37.803333
34.110000
31.441667
29.691667
28.361667
33.388333
33.195000
28.361667
22.026667
21.806667
16.526667
9.168333
8.278333
7.361667
7.276667
8.778333
14.750000
25.528333
36.001667
47.085000
49.445000
43.556667
40.250000
37.861667
36.251667
32.970000
31.611667
29.998333
28.610000
40.055000
38.110000
32.056667
20.306667
18.000000
13.223333
8.971667
8.915000
9.526667
14.081667
20.833333
40.415000
43.776667
34.416667
39.191667
37.250000
35.278333
33.110000
34.611667
32.778333
29.918333
28.555000
29.001667
27.665000
39.196667
39.971667
34.140000
21.750000
18.303333
13.751667
9.388333
8.751667
9.416667
13.886667
20.221667
41.443333
45.583333
35.916667
37.805000
35.581667
32.666667
31.916667
34.276667
33.831667
32.333333
29.723333
30.861667
31.610000
41.806667
40.805000
33.388333
21.445000
18.251667
13.278333
9.556667
8.693333
9.168333
13.806667
21.195000
40.750000
45.971667
35.835000
37.308333
34.526667
32.443333
33.388333
33.861667
34.388333
30.806667
29.166667
32.138333
30.336667
42.248333
40.915000
33.416667
21.526667
18.666667
13.723333
9.831667
9.361667
9.501667
14.138333
21.221667
39.443333
44.581667
36.168333
40.416667
37.526667
34.886667
33.636667
35.028333
34.303333
32.083333
30.750000
32.498333
31.083333
41.441667
39.165000
32.721667
24.473333
19.473333
13.331667
10.001667
9.778333
9.695000
14.056667
21.443333
41.056667
47.195000
38.361667
40.833333
38.053333
35.971667
36.193333
36.445000
34.860000
33.390000
33.416667
34.498333
30.696667
36.360000
38.416667
31.750000
22.721667
22.528333
16.360000
9.776667
8.250000
8.361667
8.585000
11.833333
19.915000
33.555000
41.833333
51.223333
47.278333
41.998333
40.723333
40.085000
35.971667
31.721667
32.110000
32.775000
30.361667
33.805000
36.581667
30.223333
22.361667
22.333333
16.916667
9.330000
7.833333
7.556667
7.528333
9.305000
15.055000
25.138333
34.611667
45.528333
45.360000
39.971667
38.831667
37.163333
35.970000
31.943333
29.056667
30.390000
32.305000
40.361667
42.195000
35.083333
22.666667
19.166667
14.418333
10.223333
9.555000
9.443333
13.973333
20.666667
39.805000
46.723333
35.666667
39.000000
37.805000
36.581667
34.303333
35.608333
33.361667
30.638333
30.695000
30.943333
30.916667
42.388333
37.415000
32.303333
23.666667
18.916667
14.693333
8.943333
8.721667
10.250000
14.778333
19.250000
40.221667
44.888333
35.000000
39.028333
35.390000
32.916667
32.888333
34.693333
34.388333
32.638333
30.750000
31.918333
31.555000
42.418333
42.280000
34.973333
22.971667
21.276667
15.555000
10.693333
9.971667
10.748333
15.693333
21.863333
41.973333
46.250000
38.083333
39.138333
35.888333
33.250000
33.026667
35.418333
34.443333
31.223333
31.113333
32.445000
32.333333
41.416667
41.470000
36.750000
24.000000
20.416667
15.666667
10.111667
8.805000
10.388333
15.305000
20.638333
39.611667
47.358333
37.500000
39.390000
39.056667
35.971667
34.001667
35.806667
35.306667
31.723333
32.001667
32.973333
31.860000
42.555000
42.805000
36.638333
23.833333
21.251667
15.915000
10.610000
9.775000
10.581667
15.416667
20.861667
41.500000
46.388333
37.500000
37.971667
38.193333
35.251667
33.611667
34.890000
36.276667
33.581667
34.640000
34.196667
32.166667
37.220000
37.166667
32.001667
22.221667
22.693333
17.695000
9.083333
7.860000
7.556667
7.780000
11.196667
18.691667
31.833333
42.333333
49.081667
47.028333
40.415000
39.276667
40.500000
38.666667
34.333333
34.168333
39.640000
41.611667
40.305000
29.363333
23.806667
20.526667
19.500000
17.805000
13.276667
11.390000
10.638333
8.973333
10.140000
13.943333
19.305000
28.528333
37.360000
42.748333
42.748333
42.695000
37.806667
34.308333
31.083333
30.418333
33.193333
33.055000
41.085000
40.445000
34.553333
23.916667
23.473333
15.973333
9.276667
9.055000
10.386667
14.665000
20.333333
37.636667
45.083333
41.835000
41.998333
39.971667
37.223333
36.335000
37.500000
35.306667
31.610000
30.691667
33.723333
31.471667
40.000000
43.721667
37.251667
24.083333
22.558333
17.445000
9.890000
9.363333
10.750000
15.028333
19.138333
38.138333
46.026667
39.446667
40.805000
39.333333
36.805000
36.331667
37.776667
36.111667
34.251667
33.445000
34.721667
32.945000
43.278333
43.860000
37.835000
25.640000
22.971667
17.723333
10.083333
9.445000
10.583333
15.638333
20.888333
38.085000
44.085000
29.991667
39.666667
36.305000
36.025000
37.416667
39.276667
36.583333
33.443333
32.833333
33.721667
33.918333
44.751667
37.471667
29.776667
22.193333
25.583333
17.001667
10.695000
9.971667
11.528333
15.806667
20.361667
35.113333
42.890000
39.806667
42.666667
38.390000
35.500000
34.945000
36.248333
35.193333
33.610000
32.110000
35.221667
33.640000
43.945000
43.555000
35.303333
26.000000
22.666667
16.640000
10.166667
9.830000
10.750000
15.805000
22.943333
37.498333
44.390000
39.026667
42.416667
41.695000
36.778333
37.971667
37.916667
37.248333
35.028333
34.333333
37.195000
36.110000
41.638333
40.723333
33.363333
23.168333
24.306667
18.193333
11.500000
9.473333
8.638333
9.248333
12.195000
19.778333
33.415000
10.000000
48.971667
48.083333
43.500000
42.860000
40.918333
38.670000
34.696667
32.891667
35.361667
33.333333
39.331667
37.778333
32.250000
24.250000
23.750000
17.443333
11.111667
9.416667
8.998333
8.803333
11.280000
16.998333
26.555000
34.835000
43.220000
41.665000
38.723333
37.530000
37.303333
34.721667
31.581667
30.805000
29.860000
30.333333
32.415000
27.028333
22.833333
23.555000
22.831667
15.278333
10.580000
10.056667
10.110000
13.140000
21.693333
34.806667
41.443333
36.860000
41.556667
38.888333
36.250000
35.471667
36.390000
34.166667
30.806667
28.973333
28.278333
28.721667
35.278333
37.083333
33.943333
23.276667
20.695000
16.111667
9.888333
8.638333
10.835000
14.666667
21.085000
34.638333
40.415000
36.803333
39.501667
36.280000
34.111667
34.136667
36.806667
36.055000
33.831667
32.748333
32.138333
30.193333
37.248333
39.250000
34.055000
23.220000
20.360000
16.140000
10.860000
9.333333
10.416667
15.028333
20.556667
35.026667
42.475000
37.778333
38.695000
36.276667
34.028333
33.640000
36.666667
35.223333
34.306667
31.250000
32.638333
31.721667
38.390000
40.806667
34.723333
23.000000
19.776667
15.525000
9.026667
7.861667
9.750000
12.806667
20.388333
33.721667
40.888333
37.805000
38.083333
36.418333
32.640000
33.501667
34.916667
33.831667
31.723333
33.221667
32.388333
29.805000
37.775000
38.665000
32.805000
22.555000
20.055000
15.945000
10.443333
8.693333
9.888333
13.918333
21.778333
37.026667
39.888333
36.890000
40.581667
38.305000
34.778333
34.000000
36.416667
36.835000
34.748333
33.418333
32.835000
31.750000
36.943333
36.555000
32.388333
22.498333
22.445000
16.140000
9.195000
8.278333
8.111667
8.361667
11.445000
18.331667
30.805000
37.805000
46.026667
44.055000
41.083333
37.891667
37.750000
34.750000
30.695000
29.998333
33.025000
30.136667
35.001667
34.725000
29.390000
21.971667
21.946667
16.220000
9.805000
8.581667
7.610000
7.471667
9.500000
14.666667
22.666667
30.750000
40.361667
43.390000
41.585000
39.721667
36.000000
33.055000
29.751667
28.778333
29.556667
27.915000
34.248333
36.305000
32.443333
22.748333
20.611667
15.971667
9.833333
8.418333
10.138333
14.250000
19.695000
33.390000
40.751667
36.778333
38.640000
37.278333
35.805000
33.971667
35.806667
34.945000
32.361667
30.446667
30.751667
29.333333
37.831667
41.223333
35.306667
23.055000
20.973333
16.693333
10.693333
9.195000
10.166667
14.640000
20.721667
34.721667
39.611667
37.056667
38.753333
37.613333
34.333333
32.945000
35.193333
36.278333
32.915000
31.221667
32.445000
31.805000
39.860000
41.861667
35.693333
24.608333
21.723333
16.498333
10.943333
9.583333
10.528333
15.000000
20.136667
35.388333
41.610000
37.721667
38.331667
35.360000
34.418333
33.695000
36.221667
35.470000
34.055000
31.028333
32.138333
30.721667
39.221667
39.640000
33.861667
23.583333
20.721667
16.333333
10.445000
8.583333
9.748333
14.890000
20.610000
35.750000
41.668333
38.166667
38.638333
36.611667
35.636667
35.553333
35.888333
34.443333
33.166667
32.750000
32.276667
30.445000
38.776667
40.528333
33.888333
22.583333
21.221667
16.721667
9.776667
8.890000
10.195000
14.333333
21.780000
34.193333
39.780000
38.141667
41.888333
41.221667
38.221667
36.806667
37.280000
34.888333
34.583333
34.361667
33.501667
31.553333
39.831667
39.581667
32.611667
22.973333
23.331667
15.971667
9.526667
7.971667
7.416667
8.250000
10.861667
17.526667
28.168333
36.721667
47.833333
46.638333
44.026667
38.776667
38.360000
35.221667
32.306667
32.305000
33.611667
30.278333
33.223333
34.501667
29.221667
21.860000
22.168333
17.943333
10.611667
8.695000
7.471667
8.388333
9.723333
13.778333
22.555000
32.140000
43.636667
44.193333
42.555000
40.110000
36.778333
34.611667
29.555000
29.141667
31.221667
31.053333
35.858333
37.415000
30.666667
21.526667
21.666667
15.750000
10.528333
8.530000
11.251667
14.695000
21.861667
32.555000
40.693333
40.055000
41.915000
39.666667
35.945000
36.028333
34.640000
34.833333
32.471667
30.943333
31.361667
30.250000
36.665000
39.861667
34.556667
23.638333
21.108333
15.835000
9.501667
8.001667
9.138333
13.136667
21.306667
33.221667
39.083333
39.220000
40.805000
38.028333
34.943333
35.473333
36.585000
36.640000
33.055000
33.140000
33.695000
31.361667
38.640000
40.693333
34.276667
22.861667
20.443333
15.416667
9.720000
8.138333
9.388333
13.445000
21.528333
33.390000
39.611667
38.055000
38.140000
34.555000
33.971667
35.748333
36.693333
36.306667
33.138333
31.555000
33.331667
31.360000
38.418333
41.445000
35.083333
23.668333
21.055000
15.888333
9.306667
7.748333
9.555000
12.916667
22.165000
32.055000
40.305000
39.386667
41.445000
37.806667
36.335000
34.666667
35.861667
35.555000
32.331667
33.610000
34.276667
30.611667
40.306667
41.416667
35.220000
23.860000
21.723333
16.778333
10.331667
8.805000
11.248333
15.750000
21.805000
33.945000
39.306667
38.110000
39.916667
38.473333
37.415000
37.250000
38.973333
37.445000
35.333333
33.778333
34.416667
32.030000
38.776667
40.443333
32.776667
24.026667
22.723333
16.750000
9.525000
7.833333
7.475000
8.168333
11.083333
17.306667
31.083333
39.225000
45.695000
44.471667
42.446667
40.248333
37.973333
34.806667
30.583333
30.141667
33.083333
31.001667
34.973333
33.360000
28.971667
21.388333
21.583333
16.835000
10.335000
8.363333
7.583333
8.165000
9.835000
14.305000
22.973333
31.111667
42.668333
42.306667
40.833333
38.583333
36.500000
32.805000
29.918333
28.136667
33.498333
31.028333
35.723333
37.363333
31.585000
21.888333
21.306667
17.388333
10.083333
8.695000
11.778333
14.278333
20.833333
31.111667
42.196667
39.833333
40.110000
36.971667
34.000000
33.610000
36.250000
33.778333
30.751667
30.248333
30.665000
28.333333
36.361667
37.833333
33.246667
22.388333
20.803333
16.195000
9.581667
7.751667
10.470000
14.138333
20.305000
31.610000
36.888333
36.945000
39.306667
35.665000
33.943333
33.390000
34.168333
34.166667
32.943333
30.888333
32.583333
31.500000
38.776667
40.000000
32.943333
22.915000
20.750000
15.915000
9.611667
8.248333
11.165000
14.111667
20.471667
32.055000
40.195000
37.613333
40.166667
36.085000
33.335000
33.836667
35.223333
34.361667
31.916667
31.860000
33.248333
31.831667
38.501667
41.640000
34.640000
23.640000
21.555000
16.890000
9.803333
7.915000
10.416667
13.501667
20.528333
33.000000
38.693333
37.696667
38.388333
35.943333
34.831667
33.221667
33.943333
33.280000
31.416667
30.585000
33.000000
30.308333
37.611667
38.275000
34.166667
23.860000
21.333333
16.751667
9.390000
7.861667
12.306667
12.750000
20.693333
33.443333
40.026667
37.471667
38.805000
37.833333
35.886667
36.471667
36.168333
36.416667
33.721667
34.308333
35.331667
32.195000
38.193333
37.358333
30.250000
23.223333
22.218333
16.636667
10.361667
7.445000
7.556667
8.306667
10.470000
17.833333
30.805000
37.416667
47.443333
44.970000
41.191667
39.916667
38.331667
35.306667
31.136667
31.665000
33.610000
32.888333
36.000000
33.056667
27.056667
22.140000
20.250000
16.471667
9.748333
7.333333
6.248333
6.916667
9.195000
14.415000
21.471667
30.750000
39.445000
41.640000
38.835000
37.835000
35.055000
30.666667
27.916667
27.750000
31.250000
30.333333
34.886667
35.443333
30.055000
22.416667
21.331667
16.225000
9.610000
8.445000
12.055000
11.388333
18.306667
30.610000
37.611667
37.583333
41.136667
39.111667
35.445000
33.918333
34.973333
33.806667
31.945000
30.555000
31.695000
28.528333
35.585000
39.445000
33.390000
22.361667
20.553333
15.890000
8.888333
7.776667
10.888333
10.860000
17.805000
30.535000
36.556667
10.000000
39.806667
36.918333
34.221667
34.195000
35.833333
33.473333
31.888333
31.890000
33.308333
31.611667
36.668333
38.945000
32.611667
23.526667
21.640000
15.806667
9.388333
7.861667
11.778333
11.360000
18.916667
28.776667
37.721667
37.306667
39.890000
36.721667
34.528333
33.975000
36.223333
34.695000
32.251667
32.916667
33.750000
31.971667
37.805000
38.915000
34.111667
23.471667
21.388333
16.805000
9.528333
8.753333
12.528333
11.416667
17.890000
28.140000
35.973333
36.221667
40.388333
38.668333
35.695000
34.360000
34.113333
33.973333
30.886667
30.723333
32.528333
29.528333
35.693333
37.110000
31.998333
22.278333
20.805000
16.220000
9.445000
8.081667
11.611667
11.446667
18.305000
28.776667
34.166667
35.083333
41.055000
38.081667
35.360000
33.361667
34.083333
34.725000
33.471667
32.333333
33.085000
30.528333
36.193333
35.583333
31.055000
21.945000
20.526667
14.805000
8.890000
7.611667
7.056667
7.691667
9.971667
17.223333
27.305000
34.556667
42.918333
41.500000
38.140000
35.776667
34.581667
31.833333
28.805000
29.083333
30.360000
28.861667
34.163333
33.000000
27.166667
20.583333
20.416667
16.083333
9.528333
7.693333
6.775000
7.081667
8.945000
12.973333
20.778333
28.333333
37.500000
40.943333
38.083333
37.000000
34.026667
29.581667
25.555000
26.195000
29.278333
28.583333
34.056667
36.666667
29.805000
21.888333
20.693333
17.195000
10.331667
9.638333
13.110000
12.805000
17.693333
22.861667
26.390000
30.805000
38.638333
38.416667
36.861667
33.888333
34.498333
33.556667
30.221667
29.166667
29.473333
26.916667
32.140000
34.943333
28.723333
20.945000
19.526667
16.000000
10.056667
8.723333
12.441667
11.638333
16.276667
24.333333
32.083333
33.305000
38.888333
36.195000
32.335000
33.390000
35.165000
33.136667
28.581667
28.748333
31.388333
28.250000
33.776667
35.221667
30.193333
21.945000
20.195000
15.611667
8.445000
7.776667
11.750000
11.305000
16.473333
25.053333
33.055000
33.695000
38.166667
34.915000
31.666667
32.500000
32.918333
31.053333
29.390000
27.641667
30.336667
29.416667
32.888333
33.833333
30.416667
20.085000
19.611667
15.333333
9.055000
7.750000
11.361667
10.251667
15.168333
23.888333
31.388333
34.416667
37.276667
36.860000
37.250000
34.193333
33.526667
32.251667
29.110000
29.221667
32.165000
28.916667
34.055000
37.221667
32.500000
22.196667
21.360000
16.168333
10.001667
8.473333
11.530000
10.890000
16.141667
24.471667
32.695000
34.111667
42.000000
40.443333
35.028333
32.500000
32.638333
32.030000
29.305000
31.026667
32.610000
28.308333
33.221667
34.083333
28.248333
20.306667
20.751667
15.415000
9.526667
7.500000
6.556667
6.890000
9.971667
14.475000
26.085000
32.361667
40.445000
40.223333
37.250000
34.916667
34.141667
30.973333
27.638333
27.888333
32.778333
30.778333
34.250000
32.138333
26.666667
20.553333
19.971667
15.390000
8.975000
7.555000
7.250000
7.335000
8.555000
13.111667
21.085000
29.193333
36.553333
37.388333
36.445000
35.971667
33.278333
28.803333
24.945000
24.835000
30.140000
27.833333
31.973333
31.583333
25.750000
19.471667
19.445000
17.056667
9.250000
7.528333
11.026667
10.195000
14.110000
22.195000
28.861667
33.390000
37.861667
35.998333
32.250000
31.695000
32.971667
31.751667
28.193333
28.583333
29.140000
27.306667
32.918333
31.640000
28.306667
20.583333
20.668333
17.665000
11.138333
10.610000
12.470000
12.195000
15.416667
24.111667
29.778333
32.858333
37.915000
36.860000
32.333333
31.776667
32.638333
30.860000
28.693333
28.581667
31.358333
29.528333
34.555000
32.943333
28.585000
21.915000
21.220000
18.335000
13.136667
10.473333
11.778333
9.806667
12.305000
16.805000
22.498333
30.638333
39.831667
39.888333
38.750000
36.498333
35.223333
31.360000
29.055000
28.110000
31.361667
31.221667
35.916667
34.166667
28.890000
21.581667
21.276667
17.806667
12.248333
10.165000
11.918333
11.056667
15.583333
21.946667
30.390000
33.863333
40.776667
37.886667
33.973333
34.751667
33.665000
30.721667
28.833333
28.556667
30.390000
28.083333
33.305000
33.331667
28.751667
20.220000
19.748333
16.166667
10.390000
9.528333
12.556667
12.028333
13.886667
24.055000
31.943333
33.361667
40.140000
39.750000
34.805000
34.223333
34.610000
30.943333
28.750000
28.558333
30.861667
28.776667
32.388333
34.306667
28.666667
19.806667
18.111667
14.666667
7.945000
6.638333
6.055000
7.888333
9.331667
14.195000
23.250000
29.723333
38.141667
38.085000
36.388333
34.971667
35.446667
31.278333
26.693333
26.668333
29.526667
29.278333
34.276667
33.278333
27.001667
20.861667
18.556667
15.416667
8.916667
7.113333
7.081667
7.471667
8.611667
13.195000
20.305000
26.333333
35.721667
38.723333
36.775000
34.610000
32.776667
31.055000
27.166667
26.083333
30.000000
30.666667
32.778333
32.473333
27.361667
21.585000
20.776667
18.085000
11.803333
10.748333
13.276667
12.390000
15.305000
25.971667
31.915000
35.335000
41.193333
38.111667
36.251667
35.860000
35.026667
33.471667
30.973333
31.083333
31.443333
28.611667
34.943333
37.026667
29.638333
20.583333
20.556667
15.000000
8.640000
7.306667
9.501667
9.056667
12.890000
24.168333
31.776667
33.861667
38.776667
38.528333
35.223333
33.666667
34.388333
32.306667
31.193333
31.166667
32.640000
28.945000
35.223333
35.721667
30.390000
22.026667
20.501667
16.721667
10.250000
9.085000
11.028333
11.000000
15.945000
24.223333
34.138333
36.278333
38.445000
37.416667
35.806667
33.111667
35.111667
32.750000
31.026667
29.610000
32.306667
30.168333
38.056667
36.111667
28.860000
20.000000
21.333333
17.918333
11.055000
9.610000
12.915000
11.833333
17.721667
26.361667
33.805000
36.028333
40.083333
36.943333
34.166667
33.665000
35.111667
32.471667
30.388333
30.918333
31.916667
29.721667
35.971667
37.333333
29.110000
20.526667
22.251667
19.250000
11.835000
9.666667
11.693333
11.416667
16.140000
25.276667
30.943333
33.026667
40.888333
39.610000
35.778333
34.501667
36.111667
34.695000
32.166667
32.390000
33.693333
31.110000
33.806667
34.250000
29.056667
21.638333
21.280000
16.695000
10.138333
8.250000
7.778333
8.196667
9.780000
14.443333
24.555000
33.416667
43.471667
44.805000
39.695000
38.193333
37.443333
34.276667
29.165000
28.806667
31.333333
30.335000
33.415000
33.305000
28.000000
21.195000
20.890000
16.113333
11.585000
8.890000
7.915000
8.528333
9.776667
12.835000
19.888333
27.445000
37.138333
40.945000
38.138333
36.248333
34.140000
32.723333
28.445000
27.026667
31.720000
26.971667
29.975000
31.390000
26.555000
20.335000
20.946667
16.056667
10.945000
9.388333
12.501667
11.805000
17.888333
27.641667
31.470000
32.416667
37.526667
37.831667
34.390000
32.555000
32.806667
32.166667
30.666667
30.415000
29.890000
28.418333
33.443333
35.473333
29.221667
20.695000
20.528333
16.416667
10.668333
9.111667
11.916667
11.750000
16.721667
26.333333
32.583333
33.528333
37.581667
36.748333
34.443333
34.110000
33.750000
32.695000
29.360000
30.888333
30.971667
27.835000
34.581667
36.000000
29.583333
20.556667
18.501667
12.805000
7.778333
6.778333
8.695000
8.248333
15.751667
25.890000
34.720000
34.221667
37.610000
35.778333
32.028333
31.778333
34.138333
34.083333
29.890000
29.641667
31.055000
28.723333
35.833333
38.390000
29.585000
19.221667
21.195000
16.640000
10.500000
8.945000
11.195000
10.138333
15.610000
23.970000
31.555000
34.165000
39.335000
37.028333
32.363333
31.165000
31.335000
29.390000
28.553333
29.191667
27.276667
26.916667
32.805000
34.195000
26.888333
19.111667
20.085000
15.390000
9.443333
8.748333
9.250000
10.640000
16.415000
24.918333
31.526667
10.000000
40.221667
38.808333
34.695000
32.915000
33.888333
32.390000
31.831667
31.276667
30.665000
27.918333
31.748333
31.748333
25.871667
21.538333
20.795000
15.021667
9.575000
8.368333
5.916667
6.443333
9.083333
14.030000
23.500000
31.333333
41.638333
44.000000
39.083333
37.390000
36.085000
33.666667
28.581667
28.250000
29.051667
27.478333
31.195000
31.471667
25.500000
19.080000
19.223333
14.445000
7.723333
6.805000
5.166667
6.138333
7.473333
10.806667
20.083333
28.026667
39.585000
43.026667
40.111667
37.555000
35.530000
32.390000
28.668333
27.583333
29.833333
28.251667
32.778333
33.750000
26.166667
18.361667
19.111667
15.333333
9.056667
8.361667
10.833333
10.081667
16.778333
29.358333
36.251667
35.695000
38.056667
37.443333
35.083333
31.528333
33.528333
32.361667
29.500000
27.530000
28.528333
25.333333
33.805000
36.085000
28.943333
19.000000
19.166667
14.805000
9.306667
8.693333
10.915000
10.888333
16.583333
29.916667
36.833333
33.055000
38.250000
36.026667
32.833333
32.026667
33.610000
32.221667
30.305000
30.195000
28.500000
26.443333
34.778333
37.610000
29.361667
19.890000
19.415000
14.138333
8.721667
7.835000
9.890000
10.221667
16.416667
29.333333
38.140000
34.860000
37.165000
34.000000
31.081667
31.000000
33.640000
32.638333
30.943333
30.695000
31.500000
27.916667
36.636667
37.001667
30.418333
20.001667
19.970000
15.500000
9.666667
8.361667
11.055000
11.220000
17.776667
30.081667
37.526667
35.666667
39.166667
35.276667
32.056667
32.415000
33.305000
32.748333
29.971667
28.473333
30.001667
28.500000
35.333333
37.110000
29.223333
20.916667
19.696667
16.278333
9.833333
8.831667
11.305000
11.001667
17.473333
31.503333
39.000000
37.058333
41.585000
38.526667
34.191667
34.361667
36.221667
34.113333
33.058333
33.526667
34.250000
29.971667
34.416667
33.500000
27.613333
20.418333
19.753333
14.195000
8.390000
7.083333
5.750000
7.001667
9.335000
14.861667
27.445000
36.390000
46.388333
45.055000
40.833333
38.805000
36.721667
33.831667
30.083333
30.335000
31.806667
27.361667
31.833333
31.583333
25.886667
19.888333
19.028333
13.970000
8.081667
6.666667
5.666667
6.556667
7.333333
12.166667
20.696667
30.280000
41.223333
42.750000
39.833333
36.196667
35.110000
30.723333
27.443333
27.248333
30.110000
27.691667
33.416667
32.308333
26.055000
18.390000
20.418333
14.693333
8.943333
7.500000
10.555000
10.778333
15.196667
27.445000
35.555000
36.221667
40.916667
39.445000
36.108333
34.638333
33.805000
31.221667
28.446667
28.861667
29.278333
26.500000
30.556667
31.473333
25.776667
17.888333
20.861667
16.306667
9.998333
8.611667
9.693333
8.778333
9.638333
14.111667
22.613333
30.528333
44.110000
47.085000
41.085000
39.166667
37.165000
32.970000
28.305000
27.693333
30.528333
29.140000
38.111667
36.138333
27.918333
18.445000
18.888333
14.891667
8.416667
6.613333
9.333333
10.526667
18.443333
35.640000
42.195000
33.140000
36.388333
33.861667
30.778333
31.388333
32.693333
30.611667
28.085000
27.860000
29.750000
30.140000
37.416667
35.360000
27.695000
18.333333
17.555000
14.026667
8.083333
7.638333
9.888333
9.333333
17.583333
36.223333
41.083333
31.500000
30.018333
33.945000
32.036667
31.800000
33.090000
32.678333
30.131667
24.778333
28.638333
28.611667
38.581667
37.278333
30.665000
19.083333
17.886667
14.361667
9.333333
7.721667
9.943333
11.140000
18.971667
38.916667
42.945000
33.363333
36.970000
35.390000
32.805000
33.026667
33.861667
32.083333
30.168333
29.416667
30.083333
28.388333
35.501667
34.388333
26.998333
19.500000
20.111667
14.720000
7.750000
6.890000
6.000000
7.055000
9.220000
15.723333
29.750000
39.056667
49.361667
46.416667
41.805000
38.888333
40.168333
36.556667
31.443333
30.111667
31.608333
29.386667
32.388333
29.971667
27.026667
20.443333
19.971667
15.140000
8.303333
6.555000
5.583333
6.803333
7.750000
11.583333
20.945000
31.331667
43.221667
44.390000
43.223333
39.388333
37.195000
32.638333
29.001667
28.470000
31.000000
31.860000
39.306667
36.556667
28.445000
18.833333
19.556667
15.085000
9.335000
8.110000
10.473333
10.583333
19.886667
38.443333
42.583333
33.473333
39.000000
37.140000
37.276667
36.250000
36.001667
32.083333
29.806667
29.721667
30.723333
29.333333
39.640000
38.333333
29.861667
18.833333
19.253333
15.276667
9.303333
8.418333
10.473333
10.861667
19.056667
38.556667
42.806667
34.278333
36.971667
35.028333
31.833333
30.693333
32.333333
30.361667
27.695000
28.445000
31.195000
31.445000
40.166667
37.276667
28.386667
19.138333
17.860000
14.055000
7.583333
6.721667
9.945000
10.500000
19.305000
37.028333
39.388333
32.611667
32.695000
30.888333
29.250000
30.441667
31.721667
29.806667
26.665000
26.193333
28.916667
28.973333
37.335000
36.361667
28.418333
19.501667
19.333333
15.640000
9.473333
8.083333
8.526667
10.693333
18.776667
38.221667
41.026667
31.280000
33.611667
31.556667
29.915000
29.166667
31.166667
30.973333
28.111667
26.778333
27.611667
29.085000
37.418333
35.695000
28.833333
18.445000
17.500000
13.223333
7.918333
7.471667
8.778333
8.498333
18.473333
36.833333
41.305000
33.721667
37.611667
35.998333
32.748333
33.166667
35.388333
33.805000
32.026667
31.971667
32.666667
29.221667
36.696667
34.473333
28.473333
21.028333
21.000000
14.223333
8.916667
7.526667
6.805000
8.001667
10.361667
16.916667
29.835000
39.640000
48.666667
47.418333
43.000000
41.250000
39.778333
37.640000
32.110000
31.140000
31.556667
29.056667
32.806667
32.361667
25.610000
19.918333
21.943333
15.750000
9.416667
7.916667
7.085000
8.055000
9.220000
11.640000
20.416667
30.388333
43.335000
44.890000
41.888333
37.751667
35.390000
32.471667
27.638333
26.471667
28.166667
28.555000
35.140000
31.306667
24.750000
17.473333
19.276667
13.191667
9.076667
8.500000
10.693333
10.138333
12.695000
28.748333
39.028333
35.945000
44.055000
42.223333
36.971667
34.528333
34.668333
32.721667
29.693333
28.556667
30.918333
32.361667
39.971667
36.943333
27.803333
17.758333
17.583333
14.026667
8.248333
7.665000
7.806667
10.138333
18.886667
37.108333
41.138333
31.945000
34.556667
33.110000
30.528333
30.778333
34.308333
30.583333
26.890000
26.695000
29.641667
30.026667
39.140000
37.111667
28.861667
18.220000
17.918333
14.308333
7.916667
7.138333
9.971667
10.776667
19.528333
35.888333
40.166667
33.558333
34.416667
32.195000
29.498333
29.778333
32.501667
31.000000
28.250000
26.858333
27.085000
28.806667
38.278333
37.498333
27.666667
17.251667
18.166667
15.250000
9.528333
8.388333
8.195000
10.111667
19.528333
37.306667
40.195000
32.195000
35.805000
34.055000
32.000000
29.640000
31.916667
31.276667
28.721667
26.471667
27.250000
29.943333
38.528333
35.446667
27.668333
17.860000
16.890000
12.306667
8.195000
7.971667
8.915000
9.221667
19.443333
36.666667
41.665000
32.028333
37.081667
33.416667
30.053333
30.275000
31.750000
31.335000
28.806667
27.416667
28.278333
26.140000
32.055000
30.556667
25.666667
17.278333
18.140000
12.583333
6.748333
5.110000
4.640000
6.335000
7.971667
13.805000
26.416667
34.581667
41.136667
41.553333
38.278333
36.388333
35.333333
32.641667
28.278333
27.473333
27.973333
24.916667
29.416667
27.528333
23.443333
17.026667
19.140000
13.778333
7.973333
5.943333
5.221667
6.416667
7.445000
11.026667
20.221667
10.000000
48.361667
49.445000
45.331667
39.415000
36.111667
32.918333
29.473333
28.416667
30.248333
27.833333
36.000000
34.168333
25.973333
17.611667
19.168333
13.916667
8.946667
7.748333
10.028333
10.138333
18.916667
36.943333
40.471667
32.833333
37.028333
33.861667
30.751667
30.723333
32.721667
30.278333
26.916667
24.946667
25.721667
27.445000
37.248333
36.748333
26.861667
16.640000
18.528333
14.068333
8.610000
7.583333
7.418333
10.361667
18.723333
37.306667
40.640000
32.726667
35.445000
32.638333
29.861667
29.780000
28.748333
30.576667
29.940000
27.848333
28.773333
28.623333
36.283333
36.946667
29.366667
20.250000
17.933333
14.375000
8.166667
7.228333
7.100000
9.861667
19.418333
36.666667
40.636667
32.611667
25.000000
31.776667
25.628333
30.400000
33.221667
30.666667
28.055000
26.361667
27.526667
29.836667
39.806667
37.693333
28.416667
18.138333
17.675000
13.831667
7.970000
7.055000
6.931667
9.433333
16.551667
37.833333
39.805000
32.776667
37.111667
33.915000
30.193333
29.640000
31.611667
30.418333
27.138333
26.666667
29.221667
29.406667
38.583333
36.251667
29.418333
17.743333
16.721667
12.386667
8.330000
7.471667
8.416667
9.388333
18.611667
36.668333
40.691667
32.388333
36.916667
33.610000
31.528333
30.638333
32.860000
31.971667
29.416667
27.861667
29.555000
28.721667
35.751667
32.361667
26.445000
18.193333
19.278333
12.443333
6.890000
5.555000
4.640000
6.221667
8.000000
13.416667
28.668333
39.026667
49.860000
46.861667
40.665000
37.973333
36.998333
35.250000
30.221667
28.723333
27.861667
25.166667
30.111667
29.835000
25.276667
18.056667
17.860000
12.358333
6.305000
5.695000
5.250000
5.250000
6.583333
9.861667
19.945000
32.791667
46.278333
46.918333
42.386667
37.640000
34.945000
31.943333
27.721667
27.026667
33.221667
31.610000
29.638333
27.168333
27.250000
15.656667
18.141667
13.423333
8.026667
7.108333
6.980000
9.496667
18.125000
34.688333
40.393333
32.621667
35.240000
33.608333
31.176667
31.620000
34.298333
33.131667
29.210000
27.171667
28.073333
28.185000
35.400000
36.048333
28.650000
19.953333
18.418333
13.630000
8.150000
7.215000
7.086667
9.643333
18.406667
35.220000
41.013333
33.078333
27.093333
32.296667
26.708333
20.670000
34.825000
33.643333
29.658333
27.586667
28.500000
28.618333
35.941667
36.600000
29.093333
20.261667
18.406667
13.625000
8.143333
7.211667
7.081667
9.638333
18.395000
35.203333
40.986667
33.028333
35.760000
34.106667
31.636667
32.085000
34.805000
33.621667
29.640000
27.570000
28.486667
28.600000
35.923333
36.578333
29.076667
20.250000
18.210000
13.475000
8.056667
7.131667
7.006667
9.533333
18.200000
34.823333
40.546667
32.660000
35.373333
33.738333
31.296667
31.740000
34.428333
33.261667
29.321667
27.273333
28.176667
28.295000
35.536667
36.185000
28.760000
20.030000
17.920000
13.260000
7.930000
7.018333
6.896667
9.383333
17.910000
34.270000
39.903333
32.210000
34.813333
33.203333
30.798333
31.236667
33.881667
32.733333
28.856667
26.840000
27.731667
27.843333
34.970000
35.610000
28.305000
19.711667
20.351667
14.136667
8.845000
7.236667
6.795000
7.361667
9.218333
14.263333
26.266667
35.961667
44.860000
43.636667
39.531667
37.091667
36.835000
37.495000
34.116667
30.548333
28.171667
24.823333
28.693333
28.653333
24.330000
19.345000
21.630000
15.965000
10.196667
8.101667
7.318333
7.688333
8.853333
11.201667
19.338333
29.196667
43.133333
46.395000
43.626667
39.888333
37.141667
35.445000
32.030000
29.128333
29.296667
27.246667
32.016667
31.616667
25.291667
20.160000
18.163333
13.441667
8.035000
7.113333
6.988333
9.510000
18.153333
34.731667
40.441667
32.656667
35.285000
33.653333
31.215000
31.661667
34.341667
33.173333
29.245000
27.203333
28.106667
28.221667
35.445000
36.091667
28.688333
19.980000
18.405000
13.620000
8.143333
7.210000
7.081667
9.636667
18.395000
35.196667
40.985000
33.058333
35.755000
34.101667
31.633333
32.085000
34.801667
33.620000
29.636667
27.566667
28.485000
28.596667
35.918333
36.576667
29.073333
20.246667
18.421667
13.630000
8.150000
7.215000
7.088333
9.643333
18.408333
35.226667
41.021667
33.051667
35.785000
34.131667
31.661667
32.111667
34.831667
33.646667
29.661667
27.591667
28.510000
28.623333
35.950000
36.606667
29.096667
20.265000
18.201667
13.471667
8.053333
7.131667
7.003333
9.531667
18.190000
34.806667
40.530000
32.645000
35.358333
33.726667
31.285000
31.728333
34.416667
33.248333
29.310000
27.263333
28.166667
28.283333
35.523333
36.171667
28.748333
20.021667
17.911667
13.255000
7.921667
7.018333
6.893333
9.376667
17.900000
34.251667
39.880000
32.193333
34.793333
33.183333
30.785000
31.223333
33.865000
32.713333
28.840000
26.826667
27.716667
27.830000
34.953333
35.591667
28.288333
19.701667
20.358333
14.140000
8.848333
7.238333
6.795000
7.363333
9.223333
14.266667
26.271667
35.973333
44.871667
43.648333
39.543333
37.101667
36.845000
37.503333
34.128333
30.556667
28.178333
24.830000
28.700000
28.661667
24.333333
19.348333
21.645000
15.975000
10.203333
8.106667
7.320000
7.695000
8.858333
11.211667
19.350000
29.215000
43.165000
46.430000
43.658333
39.918333
37.166667
35.471667
32.055000
29.150000
29.316667
27.261667
32.040000
31.640000
25.311667
20.175000
18.176667
13.451667
8.041667
7.120000
6.991667
9.515000
18.165000
34.758333
40.473333
32.680000
35.311667
33.676667
31.238333
31.683333
34.368333
33.196667
29.266667
27.223333
28.128333
28.241667
35.471667
36.116667
28.710000
19.995000
18.415000
13.628333
8.146667
7.213333
7.086667
9.643333
18.405000
35.216667
41.003333
33.070000
35.771667
34.118333
31.646667
32.096667
34.816667
33.633333
29.650000
27.580000
28.496667
28.610000
35.936667
36.590000
29.085000
20.255000
18.421667
13.630000
8.150000
7.215000
7.088333
9.643333
18.408333
35.226667
41.021667
33.051667
35.785000
34.131667
31.661667
32.113333
34.831667
33.646667
29.661667
27.591667
28.510000
28.625000
35.950000
36.606667
29.096667
20.265000
18.195000
13.466667
8.051667
7.128333
7.001667
9.526667
18.183333
34.793333
40.515000
32.635000
35.346667
33.711667
31.271667
31.716667
34.405000
33.233333
29.298333
27.251667
28.156667
28.271667
35.508333
36.156667
28.738333
20.018333
17.906667
13.251667
7.921667
7.016667
6.888333
9.373333
17.893333
34.240000
39.870000
32.186667
34.783333
33.175000
30.775000
31.213333
33.858333
32.705000
28.831667
26.818333
27.708333
27.821667
34.945000
35.581667
28.281667
19.698333
20.361667
14.141667
8.851667
7.240000
6.796667
7.365000
9.223333
14.266667
26.278333
35.983333
44.881667
43.656667
39.546667
37.106667
36.851667
37.511667
34.133333
30.563333
28.183333
24.835000
28.705000
28.665000
24.341667
19.356667
21.658333
15.985000
10.211667
8.113333
7.326667
7.696667
8.865000
11.216667
19.360000
29.236667
43.193333
46.461667
43.686667
39.943333
37.190000
35.495000
32.078333
29.170000
29.333333
27.283333
32.061667
31.661667
25.326667
20.186667
18.190000
13.460000
8.048333
7.125000
6.998333
9.525000
18.178333
34.781667
40.503333
32.701667
35.335000
33.703333
31.263333
31.706667
34.393333
33.226667
29.290000
27.245000
28.146667
28.263333
35.498333
36.146667
28.730000
20.010000
18.421667
13.630000
8.150000
7.215000
7.088333
9.643333
18.408333
35.226667
41.021667
33.085000
35.785000
34.131667
31.661667
32.113333
34.831667
33.646667
29.661667
27.591667
28.510000
28.625000
35.950000
36.606667
29.096667
20.265000
18.420000
13.630000
8.150000
7.215000
7.088333
9.643333
18.408333
35.226667
41.020000
6.000000
35.785000
34.131667
31.661667
32.108333
34.830000
33.646667
29.661667
27.590000
28.508333
28.620000
35.950000
36.605000
29.096667
20.265000
18.188333
13.460000
8.048333
7.125000
6.998333
9.523333
18.178333
34.781667
40.500000
32.623333
35.335000
33.700000
31.260000
31.705000
34.393333
33.220000
29.288333
27.243333
28.146667
28.260000
35.495000
36.143333
28.726667
20.010000
17.903333
13.246667
7.920000
7.011667
6.886667
9.373333
17.891667
34.233333
39.860000
32.181667
34.775000
33.170000
30.766667
31.203333
33.846667
32.696667
28.823333
26.810000
27.700000
27.813333
34.933333
35.570000
28.275000
19.690000
20.366667
14.143333
8.853333
7.243333
6.800000
7.368333
9.225000
14.271667
26.283333
35.990000
44.893333
43.665000
39.558333
37.116667
36.860000
37.518333
34.140000
30.568333
28.190000
24.838333
28.711667
28.673333
24.343333
19.356667
21.675000
15.995000
10.216667
8.118333
7.331667
7.705000
8.871667
11.225000
19.373333
29.253333
43.225000
46.491667
43.715000
39.968333
37.213333
35.518333
32.101667
29.190000
29.355000
27.301667
32.083333
31.683333
25.343333
20.200000
18.206667
13.471667
8.053333
7.131667
7.003333
9.531667
18.193333
34.813333
40.533333
32.728333
35.361667
33.726667
31.288333
31.731667
34.418333
33.251667
29.311667
27.263333
28.170000
28.285000
35.525000
36.173333
28.750000
20.025000
18.430000
13.641667
8.155000
7.220000
7.091667
9.650000
18.418333
35.243333
41.038333
33.098333
35.805000
34.146667
31.678333
32.128333
34.848333
33.665000
29.678333
27.605000
28.521667
28.638333
35.965000
36.621667
29.110000
20.275000
18.420000
13.630000
8.150000
7.215000
7.088333
9.643333
18.406667
35.226667
41.015000
33.045000
35.785000
34.130000
31.658333
32.108333
34.828333
33.645000
29.661667
27.588333
28.506667
28.620000
35.948333
36.603333
29.093333
20.263333
18.183333
13.456667
8.045000
7.121667
6.996667
9.520000
18.170000
34.768333
40.485000
32.611667
35.321667
33.688333
31.248333
31.693333
34.380000
33.208333
29.276667
27.233333
28.135000
28.250000
35.481667
36.128333
28.716667
20.000000
17.896667
13.245000
7.920000
7.010000
6.886667
9.370000
17.883333
34.223333
39.850000
32.175000
34.766667
33.158333
30.761667
31.195000
33.835000
32.688333
28.820000
26.805000
27.693333
27.808333
34.925000
35.560000
28.266667
19.686667
20.368333
14.148333
8.853333
7.243333
6.800000
7.370000
9.228333
14.275000
26.288333
36.000000
44.901667
43.676667
39.566667
37.126667
36.868333
37.526667
34.150000
30.576667
28.195000
24.845000
28.718333
28.676667
24.350000
19.361667
21.688333
16.008333
10.223333
8.125000
7.338333
7.708333
8.876667
11.235000
19.386667
29.275000
43.253333
46.523333
43.746667
39.998333
37.241667
35.543333
32.121667
29.208333
29.375000
27.318333
32.105000
31.703333
25.363333
20.213333
18.220000
13.481667
8.060000
7.136667
7.010000
9.538333
18.205000
34.838333
40.566667
32.751667
35.391667
33.751667
31.311667
31.755000
34.443333
33.275000
29.335000
27.286667
28.191667
28.306667
35.550000
36.198333
28.771667
20.041667
18.441667
13.645000
8.156667
7.225000
7.093333
9.655000
18.425000
35.256667
41.058333
33.110000
35.818333
34.163333
31.691667
32.141667
34.860000
33.678333
29.690000
27.616667
28.533333
28.650000
35.983333
36.636667
29.123333
20.281667
18.420000
13.630000
8.150000
7.215000
7.086667
9.643333
18.406667
35.223333
41.015000
33.043333
35.783333
34.126667
31.656667
32.106667
34.825000
33.643333
29.658333
27.586667
28.503333
28.618333
35.941667
36.600000
29.093333
20.261667
18.175000
13.451667
8.040000
7.120000
6.991667
9.515000
18.165000
34.758333
40.471667
32.598333
35.308333
33.675000
31.236667
31.680000
34.363333
33.196667
29.266667
27.221667
28.125000
28.238333
35.470000
36.116667
28.706667
19.995000
17.891667
13.243333
7.918333
7.006667
6.885000
9.368333
17.881667
34.213333
39.838333
32.165000
34.758333
33.148333
30.750000
31.190000
33.831667
32.680000
28.810000
26.796667
27.688333
27.801667
34.915000
35.556667
28.261667
19.681667
20.373333
14.151667
8.856667
7.246667
6.800000
7.370000
9.230000
14.278333
26.295000
36.011667
44.913333
43.686667
39.578333
37.133333
36.876667
37.535000
34.156667
30.585000
28.205000
24.851667
28.725000
28.686667
24.355000
19.366667
21.703333
16.018333
10.231667
8.130000
7.341667
7.715000
8.883333
11.241667
19.400000
29.296667
43.283333
46.555000
43.775000
40.025000
37.268333
35.570000
32.141667
29.228333
29.391667
27.340000
32.128333
31.725000
25.378333
20.230000
18.231667
13.493333
8.066667
7.141667
7.013333
9.545000
18.216667
34.863333
40.595000
32.773333
35.416667
33.780000
31.335000
31.780000
34.471667
33.298333
29.356667
27.306667
28.211667
28.328333
35.580000
36.230000
28.798333
20.056667
18.445000
13.650000
8.161667
7.226667
7.098333
9.656667
18.433333
35.275000
41.071667
33.123333
35.831667
34.176667
31.703333
32.153333
34.875000
33.690000
29.701667
27.628333
28.545000
28.661667
35.996667
36.655000
29.135000
20.291667
18.416667
13.630000
8.150000
7.215000
7.086667
9.643333
18.406667
35.216667
41.010000
33.036667
35.778333
34.121667
31.655000
32.105000
34.823333
33.640000
29.656667
27.585000
28.498333
28.616667
35.941667
36.598333
29.090000
20.258333
18.170000
13.443333
8.040000
7.120000
6.991667
9.513333
18.156667
34.743333
40.455000
32.588333
35.293333
33.661667
31.225000
31.668333
34.351667
33.185000
29.255000
27.211667
28.115000
28.228333
35.453333
36.103333
28.696667
19.985000
17.890000
13.236667
7.915000
7.006667
6.883333
9.365000
17.876667
34.210000
39.833333
32.161667
34.750000
33.146667
30.743333
31.180000
33.823333
32.673333
28.803333
26.793333
27.681667
27.793333
34.910000
35.546667
28.255000
19.680000
20.381667
14.155000
8.860000
7.248333
6.805000
7.373333
9.233333
14.281667
26.303333
36.021667
44.925000
43.698333
39.586667
37.143333
36.886667
37.545000
34.163333
30.591667
28.210000
24.858333
28.731667
28.695000
24.361667
19.366667
21.718333
16.030000
10.241667
8.136667
7.346667
7.718333
8.890000
11.250000
19.415000
29.315000
43.310000
46.588333
43.806667
40.053333
37.291667
35.595000
32.165000
29.250000
29.415000
27.356667
32.151667
31.748333
25.396667
20.243333
18.246667
13.691667
8.071667
7.148333
7.021667
9.553333
18.235000
34.890000
40.626667
32.016667
35.443333
33.805000
31.358333
15.658333
30.860000
28.888333
24.778333
23.916667
25.445000
26.953333
34.750000
33.526667
26.555000
16.010000
13.638333
10.776667
4.638333
3.693333
4.053333
6.361667
16.890000
33.943333
36.221667
28.581667
31.833333
31.001667
28.946667
28.721667
31.278333
27.945000
25.778333
24.556667
26.416667
27.498333
34.528333
34.583333
26.640000
16.860000
15.888333
10.610000
5.835000
5.111667
5.386667
6.195000
16.305000
34.721667
37.721667
30.610000
31.668333
29.611667
28.833333
29.805000
32.305000
31.193333
26.890000
26.278333
27.611667
27.471667
36.971667
36.360000
27.000000
16.001667
15.305000
11.943333
6.083333
5.026667
4.833333
6.916667
16.388333
35.110000
39.975000
33.556667
34.416667
33.888333
31.416667
30.750000
31.973333
30.083333
27.471667
25.860000
28.583333
29.168333
36.998333
35.666667
27.805000
18.220000
16.388333
11.778333
6.335000
5.361667
7.168333
7.806667
16.945000
34.053333
40.556667
10.000000
36.806667
34.638333
33.083333
31.221667
32.416667
32.390000
28.806667
29.000000
28.695000
27.110000
32.555000
30.971667
25.581667
17.165000
18.691667
12.335000
7.278333
5.585000
5.136667
5.553333
8.110000
13.888333
27.361667
37.526667
47.111667
46.863333
41.693333
38.888333
37.416667
35.083333
31.471667
28.445000
27.445000
25.388333
27.280000
27.528333
23.526667
17.915000
17.945000
13.166667
6.861667
5.221667
4.696667
4.806667
6.361667
9.223333
19.030000
31.111667
46.363333
49.833333
43.776667
38.251667
36.000000
33.111667
27.445000
26.416667
28.250000
28.638333
32.776667
32.251667
23.973333
15.945000
17.193333
13.585000
6.360000
6.113333
7.498333
7.723333
15.943333
34.693333
39.446667
31.193333
35.778333
33.278333
31.470000
31.053333
31.250000
28.720000
24.526667
24.500000
25.861667
27.083333
34.973333
35.386667
27.028333
15.860000
14.640000
11.170000
4.860000
3.831667
4.165000
5.556667
15.753333
33.528333
37.305000
30.360000
33.973333
32.306667
29.473333
28.998333
31.026667
30.305000
26.168333
25.170000
26.530000
26.583333
36.365000
35.973333
27.443333
16.778333
15.195000
10.388333
5.388333
4.278333
4.195000
6.666667
16.443333
35.026667
40.390000
33.055000
34.276667
31.110000
29.445000
28.250000
30.888333
29.638333
26.860000
25.443333
26.416667
25.360000
30.693333
30.081667
24.890000
16.776667
17.858333
11.805000
7.028333
5.360000
5.000000
5.250000
7.526667
11.748333
23.001667
34.445000
48.528333
50.638333
43.471667
36.720000
34.223333
35.138333
28.610000
26.888333
25.085000
22.638333
26.526667
27.500000
23.058333
17.388333
17.473333
11.305000
5.943333
4.833333
6.195000
6.056667
10.111667
17.140000
26.556667
35.113333
43.000000
41.748333
35.890000
32.250000
31.973333
33.415000
30.306667
26.750000
26.305000
23.750000
28.723333
29.166667
24.361667
16.776667
19.026667
12.473333
7.085000
5.665000
5.278333
5.278333
6.946667
10.583333
21.693333
34.331667
46.250000
45.720000
38.835000
33.943333
33.861667
33.723333
28.775000
26.778333
25.555000
23.946667
27.555000
27.308333
24.030000
16.861667
18.498333
12.973333
7.056667
5.388333
4.751667
4.445000
6.225000
9.526667
18.668333
29.861667
44.473333
46.888333
41.693333
36.136667
35.026667
34.556667
30.193333
27.415000
29.081667
27.500000
33.528333
32.610000
24.056667
18.305000
17.500000
13.085000
6.415000
5.581667
7.665000
8.110000
16.083333
34.278333
38.473333
32.916667
35.943333
32.333333
31.055000
31.418333
32.750000
31.278333
27.473333
25.276667
25.278333
26.501667
33.638333
35.138333
27.445000
16.861667
15.001667
12.306667
5.583333
4.500000
4.418333
6.498333
15.750000
33.833333
38.998333
31.723333
35.528333
32.391667
29.611667
30.388333
32.445000
29.611667
26.000000
24.916667
26.276667
27.695000
35.250000
37.196667
28.303333
16.776667
15.500000
10.695000
5.360000
4.473333
4.555000
5.721667
14.556667
32.305000
39.500000
32.140000
33.386667
29.555000
27.108333
27.500000
30.751667
30.333333
24.861667
24.250000
26.081667
26.081667
34.971667
34.443333
28.083333
16.916667
15.556667
12.445000
6.473333
4.833333
4.583333
6.246667
15.775000
34.055000
36.975000
31.583333
34.028333
32.945000
28.361667
27.971667
30.753333
29.723333
27.056667
25.746667
26.555000
27.528333
35.666667
35.583333
28.248333
17.638333
15.913333
11.000000
5.500000
4.831667
5.026667
6.553333
15.720000
33.636667
38.443333
32.805000
34.833333
34.251667
30.530000
30.808333
32.055000
31.833333
29.195000
27.581667
29.081667
27.193333
32.418333
30.833333
24.806667
18.083333
18.278333
12.835000
7.721667
5.916667
5.250000
5.638333
8.250000
13.138333
26.471667
36.693333
45.888333
44.778333
43.110000
39.778333
39.166667
37.528333
31.806667
28.888333
27.778333
25.611667
28.695000
29.833333
23.055000
17.526667
17.695000
13.416667
7.141667
5.750000
5.360000
5.000000
6.721667
10.416667
21.500000
33.085000
45.388333
46.500000
41.721667
37.608333
34.915000
33.501667
28.308333
27.500000
28.721667
27.445000
31.081667
30.083333
23.833333
18.113333
16.916667
12.723333
6.720000
6.055000
7.085000
7.250000
15.418333
33.696667
38.140000
32.415000
34.998333
33.555000
30.831667
31.276667
31.278333
29.530000
26.085000
23.998333
26.335000
27.276667
35.250000
35.693333
27.500000
16.721667
15.251667
12.280000
6.331667
4.973333
5.280000
7.028333
17.000000
35.140000
37.443333
31.890000
35.776667
31.971667
29.916667
29.776667
31.556667
28.916667
25.278333
25.193333
26.026667
27.556667
35.306667
36.250000
28.055000
17.833333
15.250000
10.693333
5.136667
4.471667
4.471667
6.665000
16.360000
35.583333
39.526667
32.500000
33.666667
29.888333
27.110000
28.890000
30.000000
30.085000
26.335000
25.471667
26.113333
27.055000
34.776667
35.111667
28.276667
17.916667
15.970000
12.251667
6.306667
4.860000
4.696667
6.500000
15.971667
34.943333
39.833333
32.776667
35.861667
32.805000
30.001667
30.306667
30.750000
29.613333
26.723333
26.890000
27.140000
26.918333
34.611667
36.305000
27.473333
17.748333
16.835000
11.446667
5.918333
4.861667
6.390000
6.500000
15.778333
35.361667
41.501667
33.195000
35.750000
32.556667
30.111667
29.638333
32.945000
32.416667
30.335000
27.945000
28.416667
26.861667
32.806667
31.441667
25.083333
18.026667
18.806667
12.750000
7.110000
5.388333
5.278333
5.336667
7.555000
13.528333
27.723333
36.945000
47.723333
46.525000
40.333333
37.193333
36.778333
35.111667
31.778333
29.528333
26.695000
23.305000
28.500000
27.500000
24.500000
18.250000
18.721667
12.085000
6.973333
5.416667
4.473333
4.638333
6.363333
9.833333
20.973333
33.445000
46.055000
46.221667
39.945000
35.583333
34.695000
34.250000
28.971667
27.195000
27.055000
23.833333
26.973333
28.526667
24.191667
16.890000
20.000000
15.305000
7.196667
6.335000
8.248333
7.778333
9.805000
18.418333
30.861667
38.750000
46.220000
42.553333
36.998333
34.056667
36.250000
37.221667
35.250000
36.500000
38.056667
35.888333
35.918333
23.918333
18.611667
17.610000
18.973333
16.251667
11.776667
7.833333
5.750000
5.416667
6.055000
7.860000
14.138333
24.361667
39.028333
47.668333
50.750000
41.360000
27.081667
23.915000
24.723333
24.056667
23.695000
22.918333
24.636667
24.806667
22.416667
17.221667
17.890000
11.640000
7.111667
5.306667
4.915000
4.696667
5.888333
8.195000
15.610000
27.165000
45.138333
52.305000
49.666667
42.138333
30.306667
26.305000
25.193333
23.166667
23.776667
22.666667
26.666667
27.000000
22.861667
15.750000
17.305000
11.306667
5.720000
4.945000
4.695000
5.638333
10.585000
19.918333
29.585000
34.055000
43.361667
41.166667
37.778333
33.668333
34.248333
32.778333
29.221667
25.665000
25.720000
24.388333
30.970000
31.248333
24.221667
16.333333
17.056667
11.308333
5.945000
4.666667
6.611667
6.030000
10.500000
19.276667
29.223333
34.668333
43.333333
40.443333
36.666667
33.583333
34.248333
34.110000
30.498333
27.750000
26.278333
24.750000
29.278333
30.055000
24.083333
17.028333
18.221667
12.443333
7.585000
5.778333
4.971667
5.585000
7.445000
11.165000
21.721667
33.278333
46.445000
47.445000
41.221667
35.721667
35.195000
33.471667
29.805000
26.943333
26.750000
23.583333
27.306667
27.806667
23.361667
17.780000
17.748333
12.221667
7.166667
5.085000
4.888333
4.750000
6.363333
9.751667
17.471667
28.721667
42.498333
43.638333
41.555000
37.111667
36.528333
34.890000
29.390000
25.471667
26.973333
23.391667
27.971667
28.390000
22.528333
16.583333
19.500000
17.113333
7.501667
6.833333
8.196667
7.416667
9.473333
16.586667
27.973333
10.000000
45.778333
42.640000
38.110000
36.223333
36.916667
37.196667
33.111667
35.305000
39.528333
40.418333
41.723333
28.528333
19.805000
17.751667
