5.835000
5.470000
5.610000
4.861667
4.140000
2.668333
2.390000
2.168333
2.138333
3.195000
5.388333
8.390000
10.780000
13.028333
11.610000
8.693333
7.806667
6.750000
6.276667
6.585000
6.833333
7.860000
8.055000
6.500000
4.695000
4.026667
3.110000
2.415000
2.500000
1.861667
2.165000
4.166667
6.695000
7.831667
9.276667
10.250000
10.223333
9.361667
8.581667
8.748333
9.196667
7.776667
6.333333
6.806667
7.500000
8.835000
8.666667
6.361667
4.691667
4.638333
3.415000
2.360000
2.388333
1.636667
2.278333
3.971667
6.250000
7.611667
8.111667
10.141667
9.891667
9.498333
8.750000
8.638333
8.831667
7.553333
7.138333
6.721667
7.305000
8.250000
9.083333
7.001667
5.250000
4.443333
3.358333
2.471667
2.640000
1.778333
2.165000
3.805000
6.386667
8.028333
9.221667
9.418333
9.001667
8.556667
8.056667
8.388333
8.416667
7.083333
6.778333
6.748333
6.998333
8.360000
8.250000
6.581667
4.861667
4.248333
3.055000
2.361667
2.221667
1.336667
1.778333
3.276667
5.693333
7.111667
9.055000
10.501667
9.138333
7.555000
7.140000
8.668333
8.943333
8.360000
8.693333
7.526667
5.111667
5.388333
6.390000
6.278333
4.803333
4.525000
3.805000
2.223333
2.108333
1.306667
1.250000
1.556667
2.275000
4.945000
9.335000
13.196667
14.610000
12.331667
9.333333
6.666667
7.083333
6.418333
5.888333
5.693333
5.778333
6.083333
6.306667
5.526667
4.445000
4.138333
2.915000
2.083333
1.971667
1.083333
1.391667
1.501667
3.000000
5.335000
8.723333
11.085000
11.665000
10.415000
9.138333
9.085000
8.973333
7.136667
6.248333
6.831667
6.360000
6.363333
6.723333
5.390000
4.418333
4.333333
3.500000
2.471667
2.026667
1.223333
1.195000
1.445000
2.028333
3.863333
7.780000
11.195000
13.083333
11.943333
10.776667
9.333333
8.391667
7.140000
6.416667
6.946667
8.000000
8.945000
8.335000
6.363333
4.555000
3.915000
2.526667
1.636667
2.085000
1.250000
2.305000
4.333333
8.613333
9.278333
8.388333
8.750000
8.861667
7.470000
7.861667
9.528333
8.388333
6.276667
6.138333
6.306667
7.945000
9.110000
8.418333
6.471667
4.275000
3.445000
2.500000
1.833333
2.025000
1.053333
1.888333
4.248333
8.083333
8.498333
7.611667
8.111667
8.168333
7.498333
7.890000
8.776667
7.916667
6.360000
6.223333
6.553333
8.053333
9.583333
9.361667
6.806667
4.416667
3.443333
2.083333
1.748333
2.471667
1.525000
1.721667
4.305000
8.390000
9.498333
7.471667
8.111667
8.723333
7.445000
8.055000
8.555000
7.945000
5.806667
6.276667
6.805000
8.056667
9.248333
9.026667
6.776667
4.696667
3.445000
2.221667
2.195000
2.250000
1.306667
1.611667
4.278333
8.611667
9.111667
8.110000
8.248333
8.055000
7.778333
7.861667
8.751667
8.083333
6.195000
5.835000
6.443333
8.026667
10.000000
9.278333
7.666667
5.028333
4.166667
2.918333
2.140000
2.445000
1.581667
2.168333
4.583333
8.555000
9.250000
8.945000
8.610000
8.110000
8.081667
8.305000
8.193333
6.861667
6.640000
7.111667
7.496667
7.915000
7.638333
5.555000
4.415000
3.528333
2.611667
1.918333
1.778333
1.111667
1.471667
1.805000
3.305000
6.471667
9.890000
11.581667
10.748333
10.053333
9.333333
9.581667
9.056667
6.778333
6.891667
6.971667
6.250000
6.363333
6.056667
5.665000
4.443333
4.001667
3.390000
2.665000
2.306667
1.528333
2.136667
2.083333
2.138333
4.276667
7.250000
11.223333
13.500000
12.111667
10.416667
9.026667
8.750000
6.695000
6.500000
6.805000
8.333333
8.555000
7.973333
6.471667
4.280000
3.388333
2.000000
1.778333
2.165000
1.530000
2.721667
5.001667
7.863333
8.723333
8.111667
8.806667
7.916667
7.333333
7.056667
7.640000
7.081667
5.695000
5.668333
6.221667
8.610000
9.420000
8.666667
6.610000
4.306667
3.445000
2.526667
1.776667
2.278333
1.446667
2.665000
5.055000
7.831667
8.638333
7.248333
7.528333
7.475000
7.056667
7.555000
8.335000
7.501667
6.000000
6.276667
7.026667
8.361667
9.418333
8.973333
6.861667
4.418333
3.445000
2.193333
1.861667
2.166667
1.525000
2.833333
5.386667
8.776667
9.221667
8.055000
8.416667
7.860000
7.471667
7.581667
8.361667
8.138333
6.555000
5.858333
6.888333
8.751667
9.390000
8.998333
6.443333
4.583333
3.973333
2.610000
2.000000
2.110000
1.138333
2.360000
4.528333
8.055000
9.081667
7.833333
8.193333
7.611667
7.640000
7.610000
8.668333
7.971667
6.583333
5.721667
6.193333
7.585000
9.640000
8.666667
6.748333
4.443333
3.361667
2.390000
1.638333
1.971667
1.336667
2.473333
5.193333
8.473333
9.363333
8.083333
8.250000
8.305000
7.918333
7.750000
8.361667
8.721667
7.306667
6.473333
6.945000
7.081667
8.140000
7.138333
5.470000
4.110000
3.640000
2.748333
2.168333
1.805000
1.138333
1.471667
1.890000
3.390000
6.666667
10.581667
12.583333
11.335000
10.555000
10.555000
9.471667
9.333333
7.415000
6.636667
6.498333
5.805000
6.638333
6.443333
5.056667
4.085000
3.721667
2.945000
2.445000
2.195000
1.195000
1.888333
2.108333
2.278333
4.388333
8.500000
11.835000
13.195000
12.388333
9.388333
8.166667
8.166667
6.833333
6.445000
6.888333
7.278333
8.610000
8.193333
6.695000
4.221667
3.083333
2.055000
1.610000
2.000000
1.138333
2.443333
4.720000
8.111667
9.276667
8.081667
8.805000
8.363333
7.611667
7.611667
8.611667
8.055000
6.388333
6.195000
6.693333
7.583333
9.056667
8.721667
6.861667
3.863333
3.416667
2.221667
1.665000
2.083333
1.110000
2.388333
4.721667
8.193333
9.140000
7.388333
8.081667
7.695000
7.305000
7.750000
8.610000
7.666667
6.223333
6.030000
7.498333
9.055000
9.443333
9.358333
6.830000
4.278333
3.305000
2.193333
1.973333
2.111667
1.473333
2.640000
4.941667
8.776667
9.780000
8.361667
8.556667
7.943333
7.223333
7.361667
8.360000
7.526667
6.195000
6.056667
6.805000
8.721667
9.861667
8.581667
5.640000
4.053333
3.945000
2.556667
2.165000
2.110000
1.193333
2.528333
4.721667
8.473333
8.888333
7.498333
8.526667
8.250000
7.223333
7.638333
8.276667
7.971667
6.750000
6.111667
6.721667
8.056667
9.166667
8.831667
6.581667
4.445000
3.276667
2.445000
1.776667
2.168333
1.193333
2.333333
4.860000
8.723333
9.420000
7.971667
8.250000
7.581667
7.555000
7.640000
7.998333
8.028333
6.610000
6.611667
6.806667
7.195000
16.055000
13.891667
6.373333
4.890000
3.961667
3.275000
2.836667
2.558333
2.481667
2.561667
2.873333
4.151667
6.750000
9.665000
10.896667
10.340000
6.805000
8.223333
8.445000
8.305000
6.610000
6.196667
6.028333
6.055000
6.390000
6.445000
5.361667
4.138333
4.001667
3.138333
2.360000
2.306667
1.280000
1.971667
2.028333
2.446667
4.640000
8.308333
11.888333
12.360000
11.693333
10.026667
9.166667
8.640000
7.501667
6.136667
6.805000
7.585000
8.666667
7.776667
6.861667
3.943333
3.195000
1.778333
1.695000
2.363333
1.223333
2.193333
4.860000
8.415000
9.111667
8.168333
8.276667
7.638333
7.305000
7.833333
8.886667
7.916667
6.028333
5.946667
6.610000
7.778333
8.918333
8.695000
6.500000
3.916667
3.055000
1.915000
1.473333
2.248333
1.111667
2.445000
4.805000
8.390000
9.028333
7.193333
7.973333
7.640000
6.891667
8.055000
8.585000
8.166667
5.943333
6.055000
7.141667
8.445000
9.250000
8.666667
6.805000
10.000000
4.223333
3.221667
1.861667
2.446667
1.306667
2.361667
4.778333
8.528333
8.971667
6.805000
7.833333
7.723333
7.276667
7.556667
7.835000
7.220000
6.195000
6.363333
6.223333
7.166667
9.833333
8.335000
6.028333
4.138333
3.528333
2.748333
1.553333
1.305000
1.136667
1.776667
4.221667
7.640000
8.251667
6.833333
7.666667
7.445000
6.776667
6.945000
8.085000
7.526667
6.250000
6.445000
6.640000
7.081667
9.083333
8.806667
6.251667
4.056667
3.418333
2.971667
1.418333
1.250000
1.138333
1.805000
4.166667
7.945000
8.473333
7.721667
8.833333
8.530000
7.780000
7.693333
8.331667
8.581667
7.500000
7.138333
7.305000
6.555000
8.778333
7.388333
5.695000
4.276667
4.528333
2.996667
1.835000
1.475000
1.083333
1.280000
1.696667
3.276667
6.445000
9.275000
12.778333
11.890000
10.363333
10.166667
9.748333
8.945000
7.445000
6.721667
6.360000
5.888333
7.111667
6.831667
5.333333
3.640000
4.720000
3.555000
1.831667
1.445000
1.110000
1.195000
1.418333
2.335000
4.530000
7.526667
12.998333
13.776667
12.305000
9.775000
8.611667
8.138333
6.945000
6.251667
7.055000
6.916667
8.501667
8.361667
5.916667
3.890000
3.608333
2.696667
1.443333
1.473333
1.251667
1.693333
4.610000
8.418333
9.305000
7.248333
8.805000
8.195000
7.445000
8.221667
8.611667
7.945000
6.250000
6.390000
6.250000
7.028333
9.363333
8.973333
6.445000
3.971667
3.610000
3.248333
1.418333
1.390000
1.335000
1.861667
4.333333
8.305000
9.000000
7.333333
8.553333
7.943333
7.695000
7.390000
8.640000
7.666667
6.723333
6.471667
6.331667
7.083333
9.973333
9.473333
6.860000
3.970000
3.721667
3.028333
1.693333
1.500000
1.500000
1.943333
4.611667
8.806667
9.808333
7.638333
8.223333
8.195000
7.943333
7.638333
8.165000
7.140000
6.278333
6.055000
6.776667
7.390000
9.196667
8.446667
6.361667
4.613333
3.638333
2.806667
1.666667
1.530000
1.336667
1.750000
4.001667
8.416667
9.416667
6.971667
8.583333
8.776667
7.500000
7.583333
7.998333
8.026667
5.721667
6.111667
6.693333
7.528333
9.836667
9.028333
6.555000
4.165000
3.556667
2.945000
1.555000
1.528333
1.473333
1.805000
4.276667
8.803333
9.331667
7.640000
8.388333
8.195000
8.028333
7.611667
8.415000
8.138333
7.221667
6.585000
6.751667
6.555000
7.723333
7.920000
6.193333
4.221667
4.776667
3.335000
2.001667
1.666667
1.446667
1.721667
2.140000
3.723333
7.500000
10.056667
12.971667
12.055000
11.081667
9.806667
9.581667
9.110000
7.611667
6.918333
7.083333
6.250000
6.640000
5.916667
5.585000
4.193333
4.640000
3.916667
2.085000
1.583333
1.336667
1.306667
1.555000
2.335000
5.166667
8.053333
13.000000
13.278333
11.443333
9.693333
8.776667
8.526667
7.195000
6.251667
6.471667
6.833333
8.805000
8.335000
6.110000
3.915000
3.778333
2.971667
1.610000
1.445000
1.471667
1.916667
4.335000
8.420000
9.195000
7.611667
9.388333
8.445000
7.943333
8.111667
8.916667
7.555000
5.916667
5.695000
6.278333
7.000000
9.611667
9.776667
6.888333
4.470000
3.943333
3.361667
1.806667
1.693333
1.663333
2.195000
5.666667
9.610000
9.336667
7.333333
8.695000
8.196667
7.861667
7.918333
8.806667
8.056667
6.473333
5.945000
6.943333
7.666667
9.250000
8.723333
6.583333
4.473333
3.638333
2.833333
1.526667
1.471667
1.418333
1.973333
4.360000
8.695000
9.583333
7.388333
8.276667
8.276667
7.833333
8.166667
8.778333
8.335000
6.638333
6.360000
7.026667
7.028333
9.028333
8.666667
6.556667
4.085000
3.640000
2.721667
1.471667
1.415000
1.416667
1.863333
4.331667
8.470000
9.971667
7.526667
8.140000
8.500000
9.195000
8.498333
8.500000
7.443333
6.388333
6.026667
6.418333
7.110000
9.085000
8.723333
6.971667
4.416667
3.860000
3.608333
3.083333
1.695000
1.470000
2.555000
5.110000
8.835000
9.863333
8.028333
8.305000
7.583333
7.500000
8.471667
8.445000
8.081667
6.888333
6.386667
6.776667
7.026667
8.053333
7.971667
6.111667
4.250000
4.471667
2.750000
1.916667
1.528333
1.280000
1.471667
1.861667
3.613333
7.668333
9.835000
13.000000
12.191667
10.805000
9.748333
10.415000
9.691667
8.638333
8.945000
8.666667
6.193333
4.831667
5.695000
5.306667
4.166667
4.416667
3.721667
2.526667
1.973333
1.665000
2.136667
2.195000
2.166667
3.860000
6.666667
11.581667
13.583333
10.306667
8.306667
8.750000
7.973333
7.475000
6.361667
6.778333
6.973333
8.778333
8.445000
6.083333
4.223333
4.166667
3.805000
3.361667
2.251667
1.721667
2.693333
4.526667
7.445000
8.140000
8.250000
9.916667
9.528333
8.166667
8.250000
8.665000
8.361667
5.613333
6.445000
6.973333
6.916667
9.140000
9.026667
6.666667
4.028333
3.721667
3.776667
3.251667
1.861667
1.528333
3.251667
4.778333
8.526667
9.556667
7.165000
8.746667
8.663333
8.083333
8.028333
8.585000
7.778333
6.416667
5.973333
6.363333
7.220000
10.028333
9.666667
7.028333
3.946667
3.638333
3.666667
3.085000
2.028333
1.693333
3.225000
5.083333
9.250000
9.666667
7.666667
8.083333
8.500000
8.083333
7.611667
8.081667
7.831667
6.500000
6.251667
7.471667
7.831667
9.445000
8.806667
6.945000
4.026667
3.666667
3.445000
2.998333
1.668333
1.446667
2.530000
4.666667
9.000000
9.805000
7.666667
8.638333
8.443333
7.833333
8.168333
8.806667
7.805000
6.610000
6.276667
6.445000
6.778333
9.140000
8.946667
6.890000
4.248333
3.751667
3.473333
3.110000
1.943333
1.500000
2.500000
4.805000
9.248333
9.916667
8.028333
8.388333
8.083333
7.861667
7.973333
8.665000
8.108333
7.473333
7.278333
7.443333
6.776667
7.916667
7.305000
6.026667
3.918333
4.640000
2.861667
1.750000
1.613333
1.361667
1.471667
2.111667
3.723333
7.360000
9.805000
12.195000
11.305000
10.501667
9.945000
9.638333
8.696667
7.415000
6.890000
6.973333
6.250000
6.751667
6.223333
5.113333
3.916667
4.445000
3.748333
1.971667
1.665000
1.363333
1.945000
2.110000
2.498333
5.250000
8.278333
12.445000
13.501667
11.945000
10.028333
8.750000
7.998333
6.971667
6.333333
6.861667
6.803333
8.806667
8.165000
6.055000
3.888333
3.726667
3.445000
3.028333
1.723333
1.361667
2.443333
4.721667
8.888333
9.305000
6.593333
6.915000
5.751667
7.418333
8.026667
8.528333
7.555000
6.333333
6.331667
6.640000
7.556667
10.000000
9.001667
7.001667
3.831667
3.528333
3.750000
3.083333
1.805000
1.473333
2.695000
4.916667
8.695000
9.723333
7.581667
8.638333
8.085000
7.945000
8.220000
8.891667
8.193333
7.028333
6.303333
7.251667
8.166667
9.890000
8.973333
7.223333
4.526667
3.998333
3.778333
3.500000
2.196667
1.890000
3.000000
5.085000
9.415000
10.221667
10.000000
9.026667
9.055000
8.333333
8.943333
9.166667
8.278333
7.001667
6.611667
7.331667
8.083333
9.581667
9.331667
6.943333
4.415000
3.751667
3.776667
3.250000
1.831667
1.556667
2.668333
5.333333
9.223333
10.113333
7.721667
8.305000
8.946667
7.945000
7.915000
8.750000
8.026667
6.750000
6.055000
7.055000
7.501667
9.473333
8.888333
7.500000
4.248333
4.276667
3.890000
3.666667
2.835000
1.916667
3.221667
6.083333
10.223333
10.445000
8.110000
8.583333
8.250000
7.971667
7.860000
8.195000
8.471667
6.861667
7.195000
7.418333
7.110000
8.556667
7.778333
5.973333
4.666667
4.695000
3.028333
1.778333
1.555000
1.418333
1.611667
2.055000
4.250000
8.640000
10.833333
12.611667
11.751667
10.500000
9.361667
9.136667
8.945000
7.805000
6.611667
6.805000
6.026667
7.416667
6.471667
5.220000
3.971667
4.776667
3.973333
2.028333
1.665000
1.500000
2.081667
2.251667
2.973333
6.140000
8.776667
12.248333
12.723333
11.418333
9.890000
9.640000
7.886667
6.666667
6.251667
6.998333
7.250000
9.083333
8.581667
5.998333
4.081667
4.165000
3.360000
3.195000
1.916667
1.581667
2.666667
5.306667
9.776667
11.970000
9.888333
9.390000
9.500000
8.971667
9.556667
9.085000
8.083333
6.501667
6.111667
6.971667
7.333333
9.445000
8.945000
6.361667
3.805000
3.778333
3.971667
3.360000
2.305000
1.555000
2.833333
5.166667
9.140000
9.640000
7.111667
8.415000
8.581667
8.085000
8.003333
8.725000
7.890000
6.363333
6.026667
6.613333
7.473333
9.721667
9.251667
7.055000
4.441667
3.945000
4.250000
3.166667
2.861667
1.693333
2.805000
5.193333
9.388333
9.971667
7.831667
9.471667
8.388333
7.610000
7.835000
10.223333
8.250000
6.806667
6.806667
7.250000
8.111667
10.081667
8.776667
6.750000
3.998333
3.528333
3.555000
3.166667
2.223333
1.556667
2.668333
5.085000
9.138333
10.361667
8.056667
8.441667
8.416667
7.333333
8.223333
9.111667
8.140000
6.500000
6.526667
6.971667
7.945000
10.223333
9.555000
6.860000
4.026667
4.306667
3.831667
3.471667
2.638333
1.863333
2.916667
5.500000
9.890000
10.750000
8.305000
8.751667
7.945000
7.555000
8.696667
9.191667
8.333333
7.220000
7.695000
8.166667
7.500000
8.470000
8.110000
6.053333
4.028333
4.528333
3.415000
2.668333
2.750000
2.026667
2.055000
2.636667
4.695000
9.221667
10.443333
13.166667
12.470000
11.416667
10.083333
10.056667
9.168333
7.390000
7.556667
7.975000
6.916667
7.388333
6.555000
5.750000
4.305000
4.473333
3.723333
2.138333
2.108333
1.335000
2.028333
2.471667
3.028333
6.250000
8.946667
12.055000
13.583333
11.280000
8.946667
8.446667
8.223333
7.083333
7.416667
7.331667
7.278333
9.861667
8.696667
6.668333
3.833333
4.250000
3.306667
3.998333
2.638333
1.890000
2.861667
5.221667
9.778333
9.970000
8.335000
9.140000
8.475000
8.388333
8.556667
9.333333
8.303333
6.750000
6.723333
6.695000
7.195000
9.750000
8.890000
6.890000
3.918333
3.945000
4.001667
4.165000
2.498333
1.636667
2.888333
5.361667
9.388333
10.026667
7.581667
8.666667
8.388333
7.890000
8.668333
10.331667
8.805000
7.361667
6.695000
7.166667
7.388333
9.833333
9.723333
7.583333
4.136667
4.055000
3.500000
3.861667
2.553333
2.055000
2.750000
5.473333
10.361667
10.553333
8.221667
8.306667
8.583333
8.886667
8.750000
8.638333
7.778333
6.085000
6.196667
6.695000
7.693333
9.721667
8.890000
6.695000
3.916667
3.943333
3.418333
2.973333
2.975000
2.138333
2.776667
5.276667
9.501667
10.055000
7.750000
8.861667
8.280000
7.555000
7.415000
8.333333
7.471667
6.250000
6.168333
6.720000
7.136667
8.750000
8.305000
6.526667
3.835000
4.111667
3.166667
3.026667
2.970000
1.695000
2.556667
5.028333
9.750000
11.111667
8.805000
9.360000
8.556667
8.111667
7.943333
8.056667
8.168333
7.445000
7.526667
6.611667
6.335000
8.443333
7.888333
6.276667
4.108333
4.360000
3.165000
2.443333
2.528333
1.750000
1.665000
2.335000
4.638333
8.026667
10.581667
13.026667
12.250000
10.333333
9.138333
9.500000
8.386667
7.611667
7.250000
7.250000
6.751667
7.278333
6.640000
5.831667
4.331667
4.720000
3.723333
2.276667
1.916667
2.221667
2.416667
2.750000
3.500000
6.055000
8.528333
11.945000
13.305000
10.553333
8.835000
7.750000
7.610000
6.556667
6.666667
7.336667
6.891667
9.056667
8.111667
6.138333
4.195000
4.138333
2.695000
2.026667
3.055000
2.833333
3.111667
5.390000
9.583333
10.223333
8.250000
8.528333
8.080000
7.498333
7.888333
8.530000
7.583333
6.140000
7.000000
7.471667
7.335000
9.221667
8.445000
6.750000
4.001667
3.945000
3.335000
2.360000
3.111667
2.750000
2.890000
5.471667
9.553333
9.973333
7.333333
8.250000
8.333333
7.415000
8.140000
7.888333
7.360000
6.026667
6.000000
6.750000
7.613333
9.473333
8.640000
6.250000
3.943333
3.640000
2.721667
1.471667
2.611667
2.363333
2.555000
5.140000
9.443333
9.583333
7.223333
7.806667
7.278333
7.085000
7.195000
7.973333
6.998333
5.998333
5.916667
6.056667
6.721667
9.861667
9.111667
6.665000
3.776667
4.028333
2.528333
1.583333
2.665000
2.528333
2.666667
5.138333
8.833333
9.081667
6.581667
7.665000
7.831667
7.725000
7.611667
8.445000
7.445000
5.751667
6.028333
6.250000
6.555000
9.386667
8.943333
6.973333
4.140000
3.888333
3.028333
1.640000
2.530000
2.335000
2.611667
5.691667
10.250000
10.250000
7.946667
8.445000
8.306667
7.721667
8.055000
8.333333
7.973333
7.471667
7.333333
7.138333
6.555000
7.971667
7.028333
5.556667
4.000000
4.583333
2.860000
2.140000
1.720000
2.028333
1.335000
1.916667
4.278333
8.721667
10.111667
12.691667
11.638333
9.888333
9.113333
9.251667
8.168333
6.890000
7.028333
6.308333
5.695000
6.638333
6.388333
5.668333
3.973333
3.916667
3.390000
1.636667
1.278333
1.721667
2.083333
2.710000
2.878333
3.861667
6.608333
10.251667
11.946667
11.140000
9.943333
8.723333
8.140000
7.445000
6.471667
7.860000
7.500000
9.860000
9.973333
6.888333
4.166667
3.500000
3.165000
1.390000
1.833333
3.221667
3.335000
5.445000
9.000000
9.778333
7.888333
8.250000
8.250000
7.666667
7.358333
8.335000
7.585000
6.360000
6.278333
6.611667
7.140000
9.305000
9.303333
6.696667
4.083333
3.778333
3.138333
1.748333
1.721667
2.580000
2.276667
4.805000
9.331667
9.388333
7.335000
7.695000
7.943333
7.555000
7.306667
8.973333
7.581667
5.861667
6.058333
6.638333
7.108333
9.778333
8.806667
6.665000
4.470000
3.528333
3.083333
1.138333
1.611667
2.918333
2.333333
5.140000
9.445000
9.388333
7.526667
8.361667
8.083333
8.083333
7.916667
8.278333
7.555000
6.388333
5.805000
7.028333
6.470000
9.695000
8.001667
6.333333
4.916667
3.721667
3.080000
1.138333
1.416667
2.500000
2.108333
4.835000
7.000000
8.113333
8.168333
10.693333
10.248333
9.333333
8.750000
8.945000
8.195000
7.138333
6.861667
7.221667
6.973333
9.416667
8.748333
6.778333
4.305000
3.613333
2.918333
1.526667
1.583333
2.750000
2.276667
5.165000
9.166667
9.720000
7.721667
8.360000
8.221667
8.001667
7.415000
8.026667
8.000000
7.583333
7.333333
7.473333
6.500000
8.443333
7.666667
5.918333
4.333333
4.331667
2.666667
1.831667
1.973333
1.778333
1.695000
1.973333
3.943333
7.388333
10.000000
12.445000
11.168333
9.305000
8.193333
7.971667
8.028333
6.888333
6.360000
6.860000
6.166667
7.166667
7.000000
5.030000
3.778333
5.111667
3.416667
3.195000
3.056667
2.278333
2.026667
2.721667
3.030000
5.861667
9.445000
12.666667
12.915000
11.030000
10.918333
9.305000
6.555000
6.303333
6.638333
6.555000
7.473333
9.085000
8.420000
6.610000
4.250000
5.028333
4.278333
5.081667
5.306667
3.941667
4.388333
6.585000
10.803333
11.665000
12.140000
11.555000
10.223333
9.750000
10.526667
9.916667
9.666667
8.803333
8.583333
7.861667
8.888333
9.693333
9.803333
9.026667
5.416667
3.386667
2.443333
3.136667
3.415000
2.748333
3.720000
6.191667
10.445000
10.750000
10.693333
9.251667
9.195000
8.861667
8.556667
8.916667
8.776667
8.026667
8.108333
7.195000
8.361667
10.111667
9.055000
6.526667
4.695000
4.498333
3.166667
4.000000
3.195000
2.861667
2.973333
6.721667
7.028333
14.335000
12.388333
10.888333
12.028333
8.891667
8.415000
8.915000
9.275000
8.943333
8.668333
8.081667
8.196667
9.306667
9.166667
6.471667
4.555000
3.250000
2.220000
2.248333
1.666667
1.888333
2.666667
5.026667
5.473333
8.391667
9.890000
9.583333
10.000000
8.918333
7.918333
8.083333
8.140000
7.611667
6.918333
6.970000
6.583333
6.943333
7.691667
6.833333
4.083333
4.558333
3.530000
3.946667
3.165000
2.416667
2.140000
3.388333
2.831667
5.028333
6.918333
8.746667
10.305000
10.358333
8.360000
6.806667
6.278333
5.390000
5.168333
4.916667
5.833333
6.278333
6.306667
5.056667
3.723333
3.388333
2.083333
1.663333
1.361667
1.361667
2.193333
3.055000
3.166667
6.026667
8.443333
8.861667
9.610000
8.500000
7.555000
6.721667
5.833333
6.195000
6.111667
5.636667
5.971667
6.165000
5.780000
5.388333
4.028333
4.916667
3.611667
3.085000
3.390000
2.555000
2.361667
3.445000
2.750000
4.776667
7.390000
8.305000
8.916667
7.975000
6.833333
6.140000
5.390000
5.056667
5.140000
5.750000
6.361667
7.695000
6.556667
5.278333
4.221667
5.138333
4.306667
4.416667
3.305000
2.693333
2.276667
3.526667
2.723333
4.665000
6.890000
9.473333
11.751667
11.026667
8.861667
7.471667
6.500000
6.583333
7.110000
7.776667
8.691667
11.055000
10.250000
6.776667
4.388333
3.471667
2.026667
2.305000
1.805000
1.888333
2.888333
6.473333
10.223333
11.416667
10.363333
9.416667
9.276667
8.305000
8.748333
9.746667
8.748333
8.221667
7.971667
8.363333
9.306667
11.388333
10.416667
7.831667
6.083333
4.416667
2.915000
3.610000
2.555000
2.331667
1.860000
5.583333
9.473333
10.250000
8.916667
9.443333
8.750000
8.581667
8.776667
9.888333
9.113333
8.333333
9.000000
9.306667
11.138333
12.056667
10.778333
8.388333
5.136667
2.943333
2.053333
2.306667
1.806667
1.666667
2.333333
5.696667
9.361667
10.000000
8.916667
8.998333
8.916667
9.666667
7.886667
9.250000
8.501667
8.000000
8.223333
9.113333
10.445000
10.890000
10.055000
7.305000
5.138333
4.165000
3.276667
3.721667
4.193333
2.863333
1.666667
5.585000
10.026667
10.941667
7.998333
8.638333
9.193333
8.416667
8.695000
9.611667
9.776667
8.833333
8.915000
8.913333
9.083333
9.501667
9.001667
6.696667
4.611667
2.973333
1.973333
1.473333
1.445000
1.195000
1.361667
2.890000
4.195000
7.775000
12.166667
12.415000
12.748333
10.418333
10.636667
9.721667
8.361667
7.945000
8.250000
7.000000
7.250000
6.555000
7.361667
5.861667
4.388333
5.028333
4.055000
3.250000
2.945000
2.360000
1.363333
2.501667
2.585000
4.528333
7.973333
11.083333
13.888333
12.361667
11.638333
9.055000
7.333333
6.278333
6.221667
6.305000
7.081667
9.833333
8.860000
6.195000
4.026667
3.805000
3.055000
3.306667
3.693333
2.526667
2.278333
5.750000
9.776667
10.528333
8.750000
10.416667
10.305000
10.168333
10.221667
10.806667
10.388333
8.640000
8.805000
8.945000
10.000000
10.388333
10.753333
7.138333
4.918333
2.500000
1.555000
1.640000
2.668333
1.473333
1.778333
5.250000
9.806667
9.890000
8.388333
9.360000
10.888333
11.026667
10.610000
10.833333
10.055000
8.248333
8.251667
9.140000
11.000000
12.723333
10.610000
8.611667
5.890000
3.888333
3.250000
2.916667
3.610000
2.861667
2.223333
5.973333
10.723333
11.221667
9.335000
8.778333
9.248333
9.971667
9.083333
10.056667
8.973333
8.250000
8.083333
8.860000
10.780000
12.335000
10.085000
7.276667
5.110000
2.748333
2.081667
1.943333
2.943333
1.971667
2.111667
5.833333
10.030000
11.165000
9.166667
9.998333
9.276667
9.886667
9.721667
9.666667
10.221667
11.165000
9.916667
11.473333
11.611667
11.833333
11.028333
7.638333
5.001667
3.971667
3.250000
3.360000
4.163333
3.055000
2.221667
6.026667
10.998333
12.891667
10.556667
10.335000
12.365000
13.390000
10.056667
10.278333
9.778333
9.166667
9.028333
9.751667
9.946667
9.915000
10.113333
8.030000
5.945000
3.915000
2.581667
2.138333
2.056667
1.918333
2.055000
3.556667
5.888333
8.945000
12.030000
13.306667
13.056667
12.250000
10.973333
8.751667
8.666667
8.331667
8.028333
7.973333
7.720000
5.860000
5.528333
5.611667
4.305000
4.750000
3.835000
3.085000
2.918333
2.390000
1.388333
2.805000
4.165000
5.475000
8.083333
10.695000
13.613333
12.501667
11.221667
9.278333
7.280000
6.640000
6.390000
7.443333
8.138333
9.888333
9.250000
6.055000
4.138333
3.861667
3.720000
3.250000
4.085000
2.916667
2.166667
6.248333
9.971667
12.053333
10.611667
9.306667
8.778333
8.526667
9.000000
9.501667
8.613333
8.250000
8.193333
8.221667
9.806667
11.055000
10.361667
8.306667
4.081667
2.441667
1.666667
1.636667
2.555000
2.111667
2.221667
6.028333
10.165000
12.500000
11.193333
12.776667
12.443333
8.890000
9.001667
9.581667
8.831667
8.415000
8.638333
9.581667
11.443333
12.525000
9.415000
6.805000
5.555000
4.111667
3.418333
3.640000
4.666667
3.140000
2.416667
6.221667
9.835000
12.778333
10.861667
9.751667
9.585000
8.723333
9.555000
9.555000
9.695000
8.445000
8.195000
8.721667
11.360000
11.388333
9.833333
6.445000
4.278333
2.555000
1.915000
1.971667
2.778333
2.306667
2.276667
5.583333
9.611667
12.471667
10.613333
10.418333
10.638333
9.278333
9.471667
9.695000
9.085000
9.415000
8.888333
9.971667
11.111667
12.361667
12.136667
9.028333
5.361667
4.278333
3.473333
3.416667
4.168333
2.946667
2.528333
6.916667
10.471667
12.001667
10.555000
9.778333
8.861667
9.776667
9.000000
9.055000
8.723333
9.081667
9.415000
9.083333
9.803333
10.971667
9.778333
7.416667
4.835000
3.526667
2.526667
1.918333
1.723333
1.666667
1.803333
3.470000
4.748333
7.916667
11.473333
11.860000
12.775000
11.416667
9.918333
8.748333
9.833333
7.638333
7.445000
6.945000
6.888333
6.805000
6.998333
5.721667
4.305000
4.666667
3.971667
3.666667
3.303333
2.583333
2.026667
3.860000
3.055000
5.638333
9.305000
10.945000
12.861667
11.055000
11.026667
8.636667
6.806667
6.165000
6.251667
6.360000
7.166667
8.498333
8.390000
6.500000
5.335000
5.251667
5.276667
4.750000
5.693333
4.638333
3.751667
5.058333
5.890000
8.833333
9.916667
11.695000
10.498333
9.221667
8.388333
8.470000
7.971667
7.558333
7.303333
7.081667
7.000000
7.778333
8.138333
7.416667
10.000000
4.361667
3.526667
2.861667
2.443333
2.835000
2.416667
2.471667
3.500000
4.863333
7.360000
11.723333
12.001667
11.361667
9.943333
8.081667
7.918333
6.111667
6.053333
6.831667
6.555000
9.666667
9.778333
7.250000
3.943333
3.973333
3.053333
1.861667
2.138333
3.193333
2.750000
5.221667
9.945000
9.751667
7.528333
8.276667
8.250000
7.223333
7.361667
8.170000
7.140000
6.111667
5.831667
6.721667
6.890000
8.555000
8.861667
6.973333
4.086667
4.056667
2.945000
1.723333
2.083333
3.165000
2.666667
5.693333
9.915000
9.473333
7.223333
8.315000
7.205000
7.110000
7.641667
7.750000
7.390000
6.528333
5.638333
6.166667
6.666667
9.193333
9.555000
7.026667
4.195000
4.028333
2.971667
2.055000
2.083333
2.973333
2.611667
5.195000
9.721667
9.636667
7.443333
8.193333
7.331667
7.390000
7.111667
7.916667
7.668333
7.026667
6.638333
6.583333
6.111667
7.775000
7.805000
6.556667
4.498333
4.945000
2.890000
1.971667
1.915000
1.861667
1.610000
2.055000
4.306667
8.083333
9.445000
12.386667
11.110000
10.611667
9.250000
9.251667
8.221667
7.056667
5.971667
6.890000
5.860000
7.140000
6.890000
5.473333
4.113333
4.556667
3.250000
1.833333
1.333333
1.251667
1.083333
1.998333
3.248333
4.778333
7.970000
11.860000
12.193333
11.831667
8.943333
7.278333
6.888333
6.638333
5.916667
6.695000
6.778333
8.750000
8.611667
6.695000
4.056667
3.776667
3.223333
1.780000
2.138333
3.416667
2.916667
5.776667
9.945000
9.471667
7.445000
8.138333
7.471667
6.805000
7.166667
7.806667
7.083333
5.416667
5.666667
6.750000
7.055000
9.890000
9.388333
7.028333
4.001667
3.945000
3.000000
2.305000
2.335000
2.806667
2.638333
5.221667
9.888333
9.778333
7.305000
8.140000
7.250000
7.418333
7.418333
7.945000
7.556667
5.890000
5.833333
6.695000
7.028333
10.611667
10.138333
7.251667
4.138333
3.998333
3.028333
1.751667
2.113333
3.028333
2.638333
5.250000
10.693333
10.918333
8.473333
9.221667
8.806667
7.500000
7.750000
7.946667
7.195000
6.335000
6.361667
6.638333
7.278333
9.808333
8.556667
6.998333
4.748333
4.055000
3.333333
1.638333
2.110000
3.055000
2.721667
6.166667
10.111667
9.335000
7.473333
8.748333
8.750000
7.943333
7.916667
8.585000
7.778333
6.861667
7.111667
6.778333
6.721667
10.083333
9.723333
6.918333
4.335000
4.055000
3.166667
2.136667
2.276667
3.140000
2.858333
5.443333
10.416667
10.333333
8.028333
7.973333
7.750000
7.918333
7.835000
8.000000
7.945000
6.971667
7.805000
7.970000
7.776667
8.806667
8.640000
6.831667
4.638333
5.113333
3.110000
1.776667
2.138333
1.721667
1.668333
2.166667
4.721667
8.276667
10.501667
12.721667
11.163333
9.971667
9.471667
8.665000
7.858333
7.305000
7.168333
7.445000
6.360000
7.861667
7.388333
5.888333
4.083333
4.418333
3.110000
2.028333
1.415000
1.250000
1.276667
2.251667
3.640000
6.195000
8.196667
11.528333
11.833333
9.445000
7.890000
7.418333
7.278333
6.831667
6.390000
6.165000
6.170000
9.083333
9.223333
6.721667
3.918333
4.223333
3.416667
1.750000
2.276667
3.416667
2.973333
5.861667
10.138333
10.583333
8.196667
9.331667
8.138333
8.110000
8.193333
8.776667
7.085000
6.193333
6.303333
6.583333
7.278333
10.473333
10.055000
6.861667
4.196667
3.945000
3.166667
2.418333
2.470000
3.138333
2.721667
5.140000
10.055000
10.193333
7.890000
8.750000
8.390000
8.028333
7.831667
7.668333
7.500000
6.445000
6.555000
7.303333
7.250000
10.665000
10.111667
7.058333
4.306667
4.223333
3.220000
1.835000
2.028333
2.581667
2.750000
5.361667
9.723333
10.025000
7.778333
8.000000
7.555000
7.140000
7.361667
7.835000
6.835000
6.221667
5.888333
6.445000
6.723333
9.166667
8.973333
7.416667
4.028333
4.140000
3.113333
1.750000
2.000000
2.945000
2.613333
5.693333
9.945000
10.248333
7.001667
8.251667
7.471667
7.388333
7.860000
9.666667
7.333333
6.471667
6.415000
7.308333
7.721667
10.445000
9.721667
7.196667
4.418333
4.500000
3.221667
2.526667
2.473333
3.528333
3.110000
5.611667
10.416667
10.721667
7.666667
8.665000
8.445000
8.000000
7.583333
8.140000
7.526667
7.305000
7.526667
8.053333
6.555000
8.695000
8.863333
6.888333
5.110000
5.025000
3.333333
2.361667
2.388333
2.083333
2.026667
2.501667
4.416667
7.415000
9.195000
11.471667
10.860000
10.416667
9.386667
8.583333
8.025000
7.028333
6.891667
7.001667
5.666667
6.888333
7.555000
5.915000
3.971667
4.695000
3.251667
2.166667
1.611667
1.223333
1.195000
2.140000
3.305000
4.833333
7.470000
11.223333
11.750000
9.945000
9.195000
7.858333
7.665000
6.276667
5.640000
6.776667
5.891667
8.973333
8.083333
6.140000
4.085000
3.943333
3.001667
1.943333
2.473333
3.611667
3.168333
5.863333
9.973333
9.306667
7.473333
8.140000
8.056667
7.415000
7.360000
7.806667
7.195000
5.721667
6.111667
6.196667
6.390000
8.083333
9.166667
6.945000
4.441667
3.890000
3.056667
2.445000
2.416667
3.111667
2.750000
4.833333
8.946667
8.528333
7.221667
8.055000
8.195000
8.111667
7.666667
8.695000
8.136667
6.805000
6.085000
6.833333
6.556667
9.331667
9.500000
6.888333
4.221667
3.971667
3.250000
1.998333
2.250000
3.335000
3.110000
5.500000
10.251667
10.306667
7.666667
8.501667
8.193333
7.723333
7.638333
8.193333
6.970000
6.056667
6.833333
7.415000
7.581667
9.083333
9.833333
7.695000
4.638333
4.081667
3.221667
1.943333
2.223333
3.110000
2.748333
5.973333
11.056667
9.833333
7.583333
8.998333
8.750000
8.026667
7.026667
7.721667
7.665000
6.971667
6.861667
7.250000
6.916667
10.276667
10.026667
7.055000
4.610000
4.333333
3.583333
2.498333
2.443333
3.305000
3.136667
5.445000
10.333333
10.221667
8.053333
8.390000
8.195000
7.695000
7.471667
8.361667
8.053333
7.556667
7.528333
7.776667
6.498333
9.361667
8.916667
5.835000
4.333333
4.888333
3.140000
1.638333
1.861667
1.611667
1.638333
2.361667
4.975000
7.528333
8.803333
11.666667
11.055000
9.498333
8.415000
8.583333
8.111667
6.835000
6.278333
6.943333
5.360000
7.388333
6.750000
5.195000
3.831667
4.416667
3.195000
2.081667
1.555000
1.390000
1.221667
2.166667
3.695000
5.530000
7.721667
11.225000
11.196667
9.418333
7.751667
7.166667
6.528333
6.140000
6.390000
7.556667
6.445000
7.306667
8.416667
6.473333
4.306667
4.611667
3.388333
2.305000
2.416667
3.555000
2.943333
3.916667
5.195000
6.501667
8.528333
11.778333
11.000000
9.941667
9.053333
8.918333
7.973333
7.193333
7.526667
7.695000
7.498333
10.026667
10.363333
7.528333
4.471667
4.221667
3.721667
2.778333
2.750000
2.888333
3.030000
5.335000
9.916667
10.138333
8.083333
8.723333
8.416667
8.166667
8.251667
8.640000
7.916667
6.583333
6.695000
7.556667
8.361667
11.361667
10.553333
7.835000
4.555000
4.416667
3.223333
1.916667
2.333333
2.861667
3.168333
5.528333
10.418333
10.138333
8.056667
8.388333
8.471667
8.110000
7.276667
8.305000
7.888333
6.916667
7.111667
7.500000
7.445000
10.388333
10.693333
7.388333
4.610000
4.388333
3.473333
1.971667
2.361667
2.611667
2.835000
5.696667
10.083333
10.693333
10.000000
8.278333
7.998333
8.251667
8.638333
8.861667
7.581667
6.500000
7.221667
7.638333
7.583333
10.471667
9.971667
8.276667
4.888333
4.861667
3.555000
2.278333
3.390000
3.443333
3.111667
5.360000
10.946667
12.278333
9.445000
9.333333
9.331667
8.833333
8.503333
9.030000
9.001667
8.028333
8.221667
8.553333
8.110000
9.581667
10.250000
7.583333
5.388333
5.498333
3.750000
2.361667
2.140000
2.058333
2.390000
2.945000
5.498333
9.445000
11.831667
12.720000
11.248333
9.750000
10.056667
10.085000
8.916667
7.528333
7.805000
10.250000
8.585000
8.583333
8.250000
6.833333
4.861667
5.441667
4.028333
3.166667
3.028333
2.610000
2.445000
3.556667
4.556667
6.166667
8.305000
10.778333
11.695000
11.388333
10.388333
8.805000
7.863333
7.030000
7.531667
7.445000
7.361667
9.110000
8.916667
6.970000
4.721667
5.085000
4.083333
3.780000
4.388333
4.166667
3.808333
6.973333
10.473333
10.886667
8.528333
9.056667
8.556667
8.501667
8.445000
9.331667
8.500000
7.306667
7.225000
7.723333
7.445000
10.056667
10.251667
9.140000
5.641667
4.528333
4.140000
3.776667
4.336667
4.000000
3.833333
6.233333
11.416667
11.030000
8.723333
8.945000
8.361667
8.331667
8.581667
8.668333
8.831667
7.638333
7.805000
8.640000
7.971667
11.776667
11.056667
9.083333
5.613333
4.945000
4.416667
3.886667
4.666667
4.500000
4.055000
6.418333
11.111667
11.081667
8.083333
8.500000
8.083333
7.418333
7.475000
7.946667
7.500000
6.361667
6.416667
7.585000
7.446667
10.780000
10.165000
7.916667
4.916667
4.418333
3.581667
3.361667
3.581667
3.500000
3.111667
6.085000
9.943333
10.335000
8.221667
9.001667
8.221667
7.665000
7.665000
8.498333
7.610000
6.555000
6.748333
7.471667
7.110000
11.305000
10.806667
8.278333
5.306667
4.751667
3.528333
3.610000
3.833333
3.498333
3.278333
5.861667
10.945000
10.308333
8.278333
9.306667
8.500000
7.750000
8.111667
8.695000
8.280000
7.610000
7.751667
7.750000
7.055000
9.083333
9.001667
6.636667
4.473333
4.555000
2.806667
1.610000
1.388333
1.193333
1.416667
2.305000
4.860000
8.111667
9.973333
11.860000
10.445000
8.138333
8.221667
8.693333
8.081667
7.418333
6.638333
7.526667
6.388333
7.251667
7.471667
6.416667
4.305000
4.805000
3.500000
1.833333
1.636667
1.528333
1.390000
2.360000
3.666667
5.860000
8.858333
12.138333
11.915000
9.581667
9.056667
7.751667
7.306667
6.441667
6.971667
7.526667
6.610000
8.861667
8.695000
7.058333
4.026667
3.916667
3.305000
3.276667
3.721667
3.305000
2.860000
6.055000
9.833333
10.000000
7.916667
8.055000
7.666667
7.443333
7.555000
8.083333
7.861667
6.693333
6.833333
7.110000
7.610000
10.583333
10.306667
8.138333
5.275000
4.166667
3.945000
3.361667
4.001667
3.610000
3.111667
5.306667
10.193333
9.778333
7.943333
8.890000
8.221667
7.776667
8.223333
8.195000
7.861667
6.803333
6.666667
7.305000
7.056667
10.971667
9.778333
7.473333
4.861667
4.390000
3.721667
3.441667
3.833333
3.530000
3.030000
5.725000
10.388333
9.528333
7.861667
8.583333
8.501667
7.581667
8.195000
8.221667
7.333333
6.693333
6.445000
7.388333
7.168333
10.028333
9.251667
7.168333
4.720000
4.500000
3.860000
3.196667
3.640000
3.333333
3.111667
6.138333
10.331667
10.556667
7.583333
8.141667
9.168333
9.918333
7.668333
8.028333
7.415000
6.526667
6.498333
7.195000
7.636667
11.305000
9.556667
7.140000
5.111667
4.085000
3.305000
2.971667
3.638333
3.418333
4.416667
6.888333
10.305000
10.915000
8.721667
8.723333
8.388333
8.166667
7.890000
7.835000
8.666667
7.390000
7.083333
7.888333
6.778333
9.195000
9.278333
6.361667
4.831667
4.943333
3.305000
1.751667
1.416667
1.220000
1.443333
2.306667
4.750000
7.946667
9.555000
11.195000
10.165000
8.611667
7.916667
8.585000
8.335000
6.556667
6.388333
8.360000
7.445000
8.806667
8.111667
6.555000
4.333333
4.555000
3.445000
1.916667
1.721667
1.363333
1.445000
2.666667
3.471667
5.693333
7.610000
10.776667
10.473333
9.833333
8.860000
7.945000
7.333333
6.528333
6.778333
8.251667
7.196667
9.695000
9.388333
7.971667
4.915000
4.111667
4.886667
3.225000
3.886667
3.805000
5.390000
6.361667
9.221667
10.413333
8.166667
8.888333
9.001667
9.026667
8.305000
8.776667
8.361667
6.693333
6.195000
7.305000
7.665000
11.081667
9.195000
6.806667
5.140000
4.283333
3.705000
3.221667
4.000000
4.028333
5.638333
6.610000
9.333333
9.585000
6.918333
9.200000
8.735000
8.400000
8.431667
9.208333
8.565000
7.468333
7.248333
7.693333
7.978333
10.393333
10.326667
8.141667
5.333333
4.948333
2.415000
2.733333
3.200000
2.620000
3.100000
5.518333
9.638333
10.678333
8.790000
9.296667
8.826667
8.488333
8.520000
9.303333
8.653333
7.548333
7.325000
7.775000
8.220000
6.141667
5.983333
8.228333
5.391667
4.793333
3.446667
1.666667
1.028333
0.361667
2.683333
5.343333
9.335000
10.348333
8.515000
9.005000
8.496667
8.333333
8.583333
8.668333
8.526667
7.608333
6.971667
8.416667
7.501667
11.360000
11.333333
8.665000
5.111667
4.666667
3.640000
3.166667
4.028333
3.863333
5.721667
6.778333
10.000000
10.611667
8.805000
8.833333
8.250000
8.528333
7.611667
8.278333
8.555000
8.691667
8.556667
8.750000
6.805000
8.916667
9.668333
7.918333
5.363333
5.835000
4.195000
2.361667
2.140000
2.141667
2.056667
2.916667
5.165000
8.585000
9.860000
11.916667
10.526667
9.416667
9.278333
8.585000
7.861667
6.916667
7.610000
10.666667
10.141667
9.971667
6.223333
4.471667
3.696667
4.193333
3.973333
2.861667
2.721667
2.000000
1.778333
2.695000
3.500000
4.276667
6.335000
9.473333
11.225000
11.556667
10.861667
9.278333
7.306667
6.028333
6.471667
8.083333
6.945000
8.666667
9.053333
7.303333
4.833333
4.748333
3.388333
3.166667
3.973333
3.835000
5.888333
6.583333
8.555000
8.526667
8.223333
9.390000
7.861667
7.333333
7.446667
8.361667
7.778333
6.751667
6.750000
7.085000
7.445000
9.886667
10.083333
8.083333
4.945000
4.973333
3.805000
3.751667
4.390000
4.278333
6.138333
6.583333
9.058333
9.028333
7.695000
9.418333
9.168333
9.195000
8.861667
8.443333
8.138333
6.970000
7.166667
7.498333
7.083333
9.945000
10.388333
8.140000
5.113333
4.723333
3.391667
3.918333
4.138333
4.168333
5.695000
6.611667
8.998333
9.360000
8.085000
9.418333
9.418333
7.640000
7.695000
7.833333
7.750000
6.860000
7.081667
7.860000
8.556667
10.831667
9.945000
7.278333
5.166667
5.581667
3.555000
3.723333
4.138333
4.361667
6.026667
6.390000
9.055000
9.223333
8.248333
9.220000
8.168333
8.693333
7.640000
7.526667
7.415000
6.890000
6.803333
7.806667
7.863333
9.888333
10.166667
8.111667
5.973333
5.083333
3.471667
3.610000
4.250000
4.833333
6.388333
6.835000
9.778333
10.723333
9.331667
9.860000
8.833333
7.915000
7.360000
8.138333
8.193333
7.166667
7.445000
8.001667
7.446667
9.335000
8.973333
6.778333
5.415000
5.778333
3.973333
2.001667
1.860000
1.663333
1.638333
2.416667
4.555000
7.666667
10.000000
11.918333
10.278333
9.443333
9.085000
8.611667
7.835000
7.056667
7.638333
8.471667
8.361667
9.083333
8.193333
6.526667
4.805000
4.803333
3.666667
2.360000
2.221667
1.886667
1.636667
2.805000
4.388333
6.915000
9.333333
10.000000
9.390000
8.971667
8.251667
7.501667
7.418333
6.526667
7.110000
6.526667
6.333333
7.446667
6.278333
4.721667
5.026667
4.861667
3.140000
3.861667
3.973333
4.860000
5.916667
6.720000
8.943333
9.026667
7.720000
9.110000
8.526667
7.806667
7.553333
7.973333
8.055000
6.693333
6.556667
7.000000
6.610000
9.193333
8.890000
8.390000
5.556667
4.916667
3.471667
3.998333
4.166667
4.721667
5.500000
6.581667
8.525000
8.915000
7.778333
8.388333
8.360000
7.611667
7.695000
7.613333
7.610000
7.193333
6.636667
6.776667
6.778333
9.085000
10.583333
8.305000
5.083333
4.306667
3.055000
3.861667
3.805000
4.415000
5.555000
6.501667
8.195000
9.193333
7.860000
8.526667
8.583333
8.111667
7.471667
7.553333
7.390000
6.250000
7.193333
7.085000
6.611667
8.610000
9.805000
8.333333
5.416667
4.863333
3.638333
3.943333
4.220000
4.835000
5.723333
6.416667
8.471667
9.138333
8.165000
8.556667
7.443333
7.555000
7.388333
7.890000
7.860000
6.778333
6.750000
7.000000
6.638333
8.833333
9.500000
7.721667
5.525000
4.750000
3.888333
4.250000
4.081667
4.748333
5.750000
6.776667
9.278333
9.555000
8.613333
8.835000
8.000000
7.335000
7.640000
7.750000
8.280000
7.361667
7.498333
8.778333
8.666667
10.805000
9.418333
7.306667
5.140000
5.361667
4.556667
2.693333
2.388333
2.111667
2.110000
2.750000
4.831667
7.443333
8.721667
10.748333
10.305000
9.166667
8.805000
9.248333
9.055000
7.583333
7.778333
8.445000
9.085000
8.445000
7.943333
6.861667
4.750000
4.723333
4.166667
2.860000
2.416667
1.943333
1.750000
2.723333
3.971667
5.056667
6.888333
9.778333
10.668333
10.556667
8.833333
7.833333
7.585000
6.835000
6.916667
7.471667
7.081667
8.361667
8.388333
7.723333
5.083333
5.445000
4.278333
4.941667
4.136667
4.583333
5.636667
5.943333
7.140000
7.361667
7.500000
9.418333
9.835000
8.303333
8.638333
8.193333
7.916667
6.668333
7.360000
8.361667
8.555000
8.943333
8.776667
6.890000
4.998333
5.585000
3.695000
4.278333
4.083333
4.528333
5.666667
6.111667
7.888333
8.445000
7.775000
9.638333
8.916667
7.776667
6.860000
7.888333
7.498333
6.638333
6.638333
7.360000
6.806667
9.610000
10.971667
8.530000
5.528333
5.001667
3.386667
4.083333
4.081667
4.916667
6.138333
6.415000
8.250000
9.723333
8.361667
8.833333
8.500000
8.888333
8.306667
8.083333
6.971667
6.445000
7.028333
7.555000
7.360000
9.000000
9.416667
8.473333
5.723333
4.500000
3.555000
4.278333
4.028333
4.640000
5.500000
6.136667
8.471667
9.056667
8.361667
8.861667
8.805000
8.111667
7.886667
7.973333
8.556667
7.418333
7.526667
8.306667
7.863333
10.083333
10.275000
7.778333
5.555000
5.333333
3.585000
4.583333
4.110000
4.581667
5.471667
6.445000
8.721667
9.248333
8.081667
9.168333
8.611667
7.526667
7.665000
8.445000
8.501667
7.248333
7.723333
8.751667
7.333333
9.333333
9.640000
7.443333
5.418333
5.221667
3.666667
2.275000
2.111667
1.833333
1.890000
2.583333
4.696667
7.500000
9.280000
11.083333
10.748333
9.248333
8.778333
7.780000
7.611667
6.831667
7.750000
7.335000
6.223333
7.276667
6.971667
5.860000
4.331667
4.890000
3.721667
2.140000
2.028333
1.835000
1.806667
2.833333
4.028333
5.333333
7.555000
9.918333
10.140000
9.000000
8.583333
8.083333
7.306667
6.028333
6.776667
7.636667
6.971667
8.471667
8.863333
7.276667
4.556667
4.890000
3.361667
4.888333
4.305000
4.721667
5.636667
6.500000
7.638333
9.971667
9.026667
9.861667
9.473333
7.723333
7.971667
8.418333
8.280000
6.971667
7.416667
7.611667
7.195000
10.221667
10.028333
8.806667
5.750000
5.165000
4.110000
4.916667
4.751667
5.418333
5.780000
6.751667
9.416667
9.835000
8.696667
9.526667
8.915000
8.473333
7.636667
7.221667
7.500000
6.168333
6.918333
7.528333
7.528333
9.805000
11.140000
8.528333
5.191667
4.861667
3.165000
4.975000
4.250000
4.693333
5.388333
6.250000
8.611667
9.971667
8.638333
8.416667
8.333333
7.636667
7.388333
7.390000
6.833333
6.250000
7.000000
7.026667
6.971667
9.276667
9.973333
8.306667
5.695000
4.750000
3.248333
5.056667
4.221667
4.693333
5.306667
6.250000
9.335000
10.113333
8.528333
8.583333
7.888333
8.028333
7.335000
7.388333
7.585000
6.778333
7.303333
7.970000
7.330000
9.195000
10.443333
8.085000
5.473333
5.026667
3.166667
5.030000
4.361667
4.778333
5.776667
6.640000
9.358333
9.471667
8.833333
9.140000
8.418333
7.638333
7.443333
8.223333
8.113333
7.528333
7.555000
8.278333
7.251667
8.835000
9.640000
7.445000
5.001667
5.055000
3.221667
2.636667
1.971667
1.776667
1.971667
2.806667
5.083333
7.666667
9.193333
9.971667
9.331667
8.666667
8.526667
8.305000
7.668333
7.278333
6.723333
7.195000
6.193333
7.553333
7.666667
5.916667
4.276667
4.750000
3.443333
2.696667
2.001667
1.750000
1.693333
2.611667
4.388333
5.083333
6.555000
10.251667
9.723333
10.165000
9.111667
7.556667
6.583333
6.195000
6.220000
7.358333
6.833333
8.280000
8.360000
6.998333
4.805000
5.191667
3.583333
5.250000
4.498333
4.805000
5.553333
6.280000
8.250000
9.276667
8.556667
8.750000
7.831667
7.888333
7.445000
7.335000
7.333333
7.026667
7.001667
6.888333
6.471667
8.723333
9.500000
7.305000
4.830000
4.695000
3.473333
4.998333
4.390000
4.831667
5.498333
6.223333
8.530000
8.943333
7.665000
8.610000
7.918333
7.640000
7.280000
7.388333
7.473333
6.581667
7.138333
7.055000
7.026667
9.943333
10.220000
7.861667
5.333333
4.610000
3.166667
5.028333
4.333333
4.891667
5.388333
6.333333
8.750000
9.500000
8.528333
9.110000
8.665000
8.361667
7.583333
7.695000
7.250000
6.528333
6.833333
6.916667
6.138333
8.833333
10.056667
8.280000
5.166667
5.001667
3.555000
5.055000
4.445000
4.918333
5.581667
6.278333
8.696667
9.471667
7.833333
8.611667
8.500000
7.833333
7.665000
7.888333
7.085000
6.530000
7.193333
7.610000
7.000000
9.806667
10.001667
8.000000
5.500000
5.138333
3.585000
5.250000
4.471667
4.888333
5.638333
6.360000
8.998333
9.056667
8.640000
9.333333
8.556667
7.890000
7.748333
7.585000
7.916667
7.581667
7.445000
8.778333
8.056667
9.166667
8.945000
6.473333
4.918333
5.333333
3.945000
3.028333
2.386667
2.166667
2.166667
2.805000
5.276667
7.361667
8.776667
10.500000
10.276667
8.888333
9.363333
8.973333
7.530000
6.778333
6.748333
7.000000
6.556667
8.443333
7.943333
6.525000
4.693333
4.750000
3.526667
3.026667
2.251667
1.890000
1.863333
2.971667
4.221667
5.750000
7.638333
10.971667
10.611667
10.278333
8.945000
7.751667
7.305000
6.331667
6.638333
7.723333
7.665000
9.000000
10.056667
7.028333
5.195000
5.305000
3.665000
5.388333
4.805000
5.028333
5.555000
5.970000
7.473333
8.611667
8.363333
9.166667
9.000000
7.446667
8.248333
8.390000
7.806667
6.943333
7.083333
7.335000
7.280000
8.723333
9.278333
7.558333
5.333333
5.581667
3.638333
5.221667
4.580000
5.000000
5.500000
6.168333
8.056667
8.333333
10.000000
9.778333
8.971667
8.165000
7.526667
7.723333
7.891667
7.363333
8.056667
7.973333
7.640000
9.388333
10.000000
8.165000
5.805000
5.805000
4.611667
6.138333
5.386667
5.665000
5.888333
6.806667
8.416667
8.890000
9.223333
9.886667
8.998333
8.666667
7.861667
8.195000
8.140000
7.390000
8.140000
8.915000
8.778333
10.253333
10.418333
8.750000
6.778333
5.723333
4.445000
6.000000
5.223333
5.696667
6.306667
6.666667
8.333333
8.498333
8.888333
9.223333
8.750000
9.028333
8.725000
8.333333
8.331667
7.778333
7.695000
8.165000
8.416667
9.970000
10.306667
8.805000
6.221667
5.943333
4.723333
6.250000
5.445000
5.830000
6.305000
6.805000
8.138333
9.778333
9.191667
9.195000
8.693333
8.166667
7.693333
8.528333
8.166667
7.916667
8.221667
8.498333
8.916667
10.556667
9.668333
7.833333
6.166667
5.805000
4.501667
3.583333
3.028333
2.943333
3.000000
3.558333
5.640000
7.583333
9.526667
10.556667
10.473333
9.471667
9.473333
8.498333
7.803333
6.998333
7.833333
8.361667
7.805000
8.278333
7.776667
7.026667
5.305000
5.276667
4.695000
3.693333
3.138333
2.916667
2.803333
3.916667
5.418333
6.390000
8.416667
10.165000
10.138333
9.831667
8.888333
8.305000
7.835000
6.445000
6.891667
7.945000
8.503333
9.835000
9.611667
7.778333
5.695000
5.973333
4.416667
6.166667
5.501667
5.943333
6.610000
6.720000
6.556667
6.833333
8.083333
9.558333
9.055000
8.666667
8.195000
8.528333
8.221667
7.331667
7.693333
7.860000
6.915000
8.416667
8.778333
7.668333
5.861667
5.666667
4.748333
6.500000
5.888333
6.193333
6.360000
6.608333
7.888333
8.278333
8.806667
9.750000
9.195000
8.526667
7.861667
8.473333
7.861667
7.111667
7.443333
7.971667
7.083333
8.943333
9.250000
7.891667
6.110000
6.166667
5.028333
6.610000
5.945000
6.221667
6.501667
6.721667
7.471667
8.416667
8.195000
9.000000
8.750000
8.695000
8.028333
8.418333
8.225000
7.943333
8.028333
7.861667
7.555000
9.666667
9.945000
8.473333
6.168333
6.360000
5.111667
7.058333
5.916667
6.136667
6.585000
6.888333
7.720000
9.166667
9.306667
10.943333
10.111667
9.335000
8.835000
9.056667
8.528333
7.806667
8.251667
9.446667
9.333333
10.306667
10.640000
8.721667
7.136667
7.000000
5.750000
8.001667
6.860000
7.195000
7.333333
7.778333
9.610000
9.580000
9.136667
9.581667
9.083333
8.750000
8.278333
8.666667
8.721667
7.775000
7.890000
8.583333
7.583333
10.000000
9.278333
7.890000
6.638333
6.166667
5.165000
4.860000
4.555000
4.193333
4.053333
4.325000
5.555000
8.221667
9.223333
11.193333
10.498333
9.333333
9.165000
8.583333
7.805000
7.056667
7.555000
8.778333
8.138333
8.696667
8.253333
7.583333
6.140000
6.083333
5.138333
5.026667
4.556667
4.165000
4.055000
4.833333
5.526667
6.971667
8.500000
10.278333
10.805000
10.833333
9.778333
8.721667
8.221667
7.085000
7.278333
8.166667
8.691667
9.638333
8.693333
7.390000
6.223333
6.528333
5.471667
7.778333
6.723333
6.971667
7.083333
6.693333
6.805000
8.835000
9.251667
11.111667
9.750000
8.695000
8.331667
8.415000
8.111667
7.140000
7.696667
8.305000
8.305000
9.528333
9.528333
7.945000
6.581667
6.280000
4.915000
7.695000
6.695000
7.081667
7.165000
6.555000
7.473333
8.973333
9.361667
9.971667
9.721667
9.000000
8.418333
8.361667
8.221667
7.695000
7.693333
8.388333
8.610000
8.973333
9.055000
7.888333
6.331667
6.333333
5.443333
7.916667
6.640000
6.638333
6.386667
5.581667
4.973333
7.526667
8.583333
10.943333
10.611667
9.333333
8.693333
7.945000
7.473333
7.028333
6.890000
8.111667
8.835000
9.276667
9.111667
7.750000
6.666667
6.528333
5.168333
7.665000
6.696667
6.946667
6.751667
6.500000
6.500000
8.221667
8.946667
10.443333
9.416667
8.303333
8.361667
8.445000
7.860000
7.303333
7.446667
8.276667
8.221667
9.443333
9.195000
7.776667
6.193333
6.361667
5.278333
7.471667
6.166667
6.335000
6.360000
6.195000
7.278333
8.888333
9.471667
10.056667
9.500000
10.638333
9.001667
9.055000
8.973333
8.500000
8.585000
8.750000
8.666667
10.306667
9.445000
7.915000
6.445000
6.056667
5.165000
4.471667
4.026667
3.751667
3.831667
4.248333
5.165000
7.278333
8.360000
10.053333
9.803333
8.611667
8.333333
8.276667
7.778333
6.945000
7.416667
7.971667
8.138333
8.776667
8.501667
7.555000
6.026667
6.081667
5.501667
4.500000
4.166667
4.388333
4.390000
4.335000
5.110000
6.916667
7.640000
9.973333
10.195000
9.221667
8.748333
8.556667
8.445000
7.638333
8.388333
8.805000
9.081667
9.888333
9.025000
7.416667
6.306667
6.386667
5.611667
7.640000
6.388333
6.691667
6.305000
6.166667
7.140000
9.196667
9.305000
10.443333
9.415000
8.666667
8.780000
8.776667
8.278333
7.665000
8.168333
9.140000
8.998333
10.250000
10.360000
8.250000
6.248333
6.721667
5.388333
7.390000
6.358333
6.390000
6.278333
6.165000
6.750000
8.140000
8.693333
10.388333
9.418333
8.833333
8.305000
8.528333
8.331667
7.386667
7.888333
9.248333
9.638333
10.693333
10.306667
8.641667
7.001667
7.028333
5.473333
7.583333
6.305000
6.858333
7.638333
7.195000
7.140000
10.418333
9.751667
11.971667
10.055000
9.026667
8.388333
8.721667
8.195000
7.083333
8.055000
8.861667
9.000000
10.473333
10.111667
8.528333
6.721667
6.498333
5.471667
7.555000
6.028333
7.251667
6.416667
6.473333
7.276667
8.695000
9.166667
10.055000
9.528333
9.113333
8.778333
8.918333
8.890000
7.668333
7.776667
8.640000
8.831667
10.526667
10.581667
8.806667
6.528333
6.916667
5.751667
7.750000
6.360000
7.501667
6.585000
6.445000
7.610000
8.778333
9.528333
10.943333
10.306667
9.696667
9.280000
9.305000
8.971667
8.056667
8.611667
9.168333
8.918333
10.110000
10.418333
8.361667
6.973333
6.943333
5.470000
4.833333
4.725000
5.195000
4.140000
4.471667
5.751667
7.973333
9.720000
11.831667
11.583333
10.806667
9.998333
9.640000
8.998333
7.971667
8.666667
9.611667
9.748333
9.860000
8.888333
7.915000
6.166667
6.941667
5.970000
5.026667
4.805000
5.220000
4.251667
4.445000
5.526667
7.581667
9.221667
11.585000
11.526667
11.443333
10.723333
9.500000
9.641667
8.085000
8.390000
9.805000
9.165000
9.693333
9.918333
8.725000
7.111667
6.970000
6.221667
8.388333
8.053333
8.081667
6.640000
7.331667
8.110000
9.220000
9.640000
10.778333
10.221667
9.608333
9.360000
9.750000
9.335000
8.306667
8.970000
9.276667
9.668333
11.193333
11.083333
9.115000
7.028333
6.670000
5.648333
7.888333
7.693333
8.195000
6.416667
7.001667
7.721667
9.306667
9.535000
11.936667
10.953333
9.996667
9.388333
9.561667
9.093333
8.343333
8.778333
9.611667
9.095000
9.806667
10.345000
8.535000
6.766667
6.500000
5.136667
6.040000
8.365000
6.213333
5.773333
5.938333
8.071667
9.910000
10.408333
11.885000
10.903333
9.955000
9.346667
9.521667
9.050000
8.308333
8.740000
9.573333
9.036667
9.763333
10.300000
8.496667
6.623333
6.301667
4.978333
5.853333
8.111667
6.025000
5.598333
5.758333
7.828333
9.610000
10.105000
11.526667
10.573333
9.655000
9.065000
9.233333
8.780000
8.056667
8.478333
9.285000
8.761667
9.468333
9.990000
8.241667
6.423333
6.186667
4.885000
5.748333
7.960000
5.915000
5.495000
5.653333
7.681667
9.431667
6.000000
11.311667
10.380000
9.475000
8.896667
9.065000
8.615000
7.905000
8.318333
9.108333
8.596667
9.293333
9.801667
8.086667
6.301667
6.816667
4.673333
2.966667
3.703333
3.146667
4.016667
3.970000
5.383333
8.845000
11.468333
14.408333
13.350000
12.043333
11.165000
10.985000
10.526667
9.271667
8.800000
9.270000
8.168333
8.975000
9.028333
7.578333
5.823333
6.685000
5.548333
4.333333
4.175000
3.708333
4.478333
4.343333
4.971667
6.951667
9.468333
12.916667
13.443333
12.685000
11.620000
10.528333
9.838333
8.891667
8.735000
9.661667
9.293333
10.865000
10.871667
8.835000
6.563333
6.673333
5.355000
5.571667
7.085000
5.681667
5.856667
6.993333
9.885000
10.836667
9.861667
10.663333
9.955000
9.451667
9.245000
9.861667
9.543333
8.671667
8.723333
9.273333
9.335000
11.088333
11.008333
9.081667
6.891667
6.691667
5.241667
5.586667
7.106667
5.696667
5.876667
7.015000
9.916667
10.870000
9.860000
10.696667
9.985000
9.283333
9.500000
9.836667
9.695000
8.555000
8.666667
8.998333
8.578333
10.748333
10.915000
9.138333
6.631667
6.636667
6.055000
6.886667
8.388333
8.693333
6.583333
6.333333
9.168333
10.501667
10.196667
11.248333
10.251667
9.663333
9.526667
9.888333
9.750000
8.805000
8.971667
9.223333
8.555000
10.611667
11.083333
9.445000
7.083333
6.583333
5.583333
6.611667
8.083333
9.001667
7.083333
6.833333
9.530000
11.306667
10.390000
10.833333
10.001667
11.721667
10.056667
9.861667
7.831667
6.443333
6.583333
6.695000
7.528333
8.530000
8.611667
7.165000
5.136667
4.081667
3.416667
4.025000
5.471667
6.945000
5.608333
4.305000
7.361667
9.973333
8.638333
9.276667
7.943333
6.861667
6.861667
7.168333
7.418333
6.916667
7.111667
7.665000
6.666667
7.805000
8.306667
6.971667
4.608333
4.666667
3.500000
1.973333
1.526667
2.973333
3.640000
2.860000
4.195000
6.945000
8.860000
11.026667
10.166667
9.555000
9.306667
7.973333
7.860000
7.111667
7.361667
7.333333
6.443333
7.388333
6.528333
5.386667
4.276667
4.528333
3.750000
2.138333
1.693333
3.166667
3.585000
2.361667
3.276667
4.886667
7.026667
10.026667
10.000000
9.418333
8.806667
7.168333
6.861667
6.136667
6.723333
6.971667
6.416667
7.970000
8.500000
6.721667
4.275000
4.805000
3.696667
4.583333
5.668333
7.085000
5.110000
3.335000
5.278333
8.721667
9.363333
10.443333
8.526667
7.693333
7.138333
7.916667
7.360000
6.083333
6.166667
6.528333
6.193333
7.195000
7.470000
6.026667
4.195000
4.556667
3.886667
4.196667
5.445000
6.831667
4.833333
1.776667
2.331667
5.498333
7.861667
11.721667
12.250000
11.083333
9.026667
8.501667
7.360000
6.638333
7.000000
6.750000
6.555000
9.361667
9.248333
6.390000
4.278333
3.776667
3.360000
3.583333
4.833333
6.666667
5.166667
3.973333
8.165000
10.278333
8.833333
8.528333
8.496667
7.611667
8.223333
9.138333
7.668333
6.193333
6.083333
6.471667
6.140000
9.361667
8.636667
6.473333
4.055000
3.668333
3.471667
2.971667
3.695000
6.583333
5.331667
4.331667
8.276667
9.026667
7.583333
8.943333
8.136667
6.778333
7.028333
7.248333
6.805000
6.055000
6.500000
6.723333
7.221667
9.526667
8.720000
6.830000
4.138333
3.806667
3.280000
2.805000
3.360000
6.195000
5.166667
4.555000
8.386667
9.390000
7.805000
8.916667
8.528333
7.111667
7.248333
8.081667
7.471667
6.196667
6.945000
6.136667
6.558333
8.445000
8.056667
6.166667
4.166667
4.333333
3.140000
1.583333
1.193333
2.695000
2.723333
1.861667
3.390000
7.111667
9.693333
11.611667
11.165000
9.833333
8.971667
8.445000
8.138333
6.858333
7.221667
7.611667
6.170000
7.388333
6.721667
5.750000
4.138333
4.668333
3.665000
2.165000
1.943333
3.138333
3.081667
1.748333
2.776667
4.721667
7.195000
10.473333
10.723333
10.555000
9.138333
7.721667
7.388333
6.446667
6.945000
7.248333
6.500000
8.720000
8.805000
6.083333
4.221667
3.750000
3.443333
3.665000
4.443333
6.360000
5.276667
4.333333
8.136667
9.583333
7.778333
8.583333
8.223333
7.416667
9.916667
9.833333
8.058333
6.416667
6.388333
6.471667
7.083333
10.055000
9.333333
6.553333
4.000000
4.000000
3.000000
4.415000
5.583333
7.166667
5.918333
4.748333
8.638333
9.056667
7.113333
8.360000
8.446667
9.108333
8.776667
7.916667
7.196667
6.140000
6.668333
7.248333
7.330000
10.278333
9.441667
6.916667
4.530000
3.890000
3.166667
4.028333
5.221667
5.971667
4.971667
4.861667
8.778333
9.418333
6.888333
8.053333
7.443333
6.445000
6.611667
7.553333
7.028333
5.750000
6.500000
6.831667
7.140000
9.496667
8.776667
6.610000
4.695000
4.001667
3.420000
4.193333
5.416667
6.056667
4.833333
5.305000
8.803333
9.111667
6.833333
7.831667
7.526667
7.331667
7.750000
7.973333
7.778333
6.305000
6.363333
7.140000
7.168333
9.806667
9.081667
6.886667
3.971667
4.026667
2.945000
4.085000
5.331667
6.140000
5.056667
4.860000
8.835000
10.028333
7.721667
8.000000
7.805000
7.111667
7.193333
8.001667
8.056667
8.250000
7.666667
6.833333
6.221667
9.000000
7.693333
6.110000
4.140000
4.695000
2.888333
1.750000
1.583333
3.055000
3.001667
2.055000
3.306667
6.695000
9.165000
12.085000
11.305000
9.945000
9.750000
9.168333
8.805000
7.278333
7.001667
6.778333
5.973333
6.971667
6.915000
5.751667
4.081667
4.305000
3.221667
1.776667
1.445000
2.863333
4.028333
2.028333
2.556667
4.776667
7.220000
10.473333
11.028333
10.251667
9.558333
8.750000
7.166667
6.415000
6.665000
7.470000
6.305000
9.278333
7.943333
5.583333
3.831667
4.250000
3.305000
4.195000
5.418333
6.416667
4.693333
3.750000
6.888333
9.666667
8.250000
9.335000
8.640000
8.056667
8.693333
9.331667
8.221667
7.166667
7.555000
7.751667
7.835000
10.388333
8.971667
6.556667
4.195000
4.221667
3.665000
4.805000
5.721667
6.278333
5.000000
5.331667
9.081667
9.696667
7.000000
8.110000
8.081667
7.501667
7.611667
8.361667
7.305000
6.278333
6.083333
6.611667
7.528333
9.611667
8.833333
6.443333
4.000000
3.778333
2.806667
3.916667
5.166667
6.221667
4.971667
5.055000
9.331667
9.888333
7.335000
8.251667
7.778333
7.720000
7.778333
7.945000
7.581667
5.861667
6.360000
6.221667
6.918333
9.693333
8.831667
6.028333
4.140000
3.556667
3.333333
4.028333
5.445000
6.195000
5.026667
5.000000
8.943333
8.915000
6.611667
7.251667
7.723333
7.278333
7.526667
7.916667
7.555000
6.526667
6.555000
6.500000
7.278333
9.446667
8.555000
6.695000
4.223333
3.863333
2.916667
4.305000
5.471667
6.445000
5.276667
5.361667
8.696667
9.221667
7.081667
7.890000
7.390000
7.195000
7.000000
7.555000
7.973333
7.193333
6.583333
6.361667
5.721667
8.000000
7.443333
6.056667
4.418333
4.193333
3.000000
1.583333
1.555000
3.165000
3.166667
2.250000
3.415000
6.111667
8.693333
10.358333
10.138333
9.223333
8.361667
8.835000
8.138333
6.610000
7.053333
6.555000
6.471667
6.888333
6.666667
5.388333
4.083333
4.806667
3.251667
1.695000
1.581667
3.000000
4.166667
1.806667
2.390000
5.055000
10.000000
12.558333
12.776667
11.085000
9.250000
8.636667
8.028333
7.028333
6.666667
7.276667
6.861667
8.861667
8.581667
6.111667
3.695000
3.861667
3.331667
4.111667
5.220000
6.025000
4.888333
5.110000
9.333333
9.668333
7.610000
8.388333
8.083333
7.195000
7.500000
8.250000
8.333333
6.555000
6.306667
6.446667
6.776667
9.445000
8.890000
6.138333
3.861667
3.723333
3.138333
4.501667
5.360000
6.026667
4.916667
4.973333
8.666667
9.110000
6.943333
8.138333
7.390000
6.916667
6.915000
7.695000
7.473333
6.138333
6.416667
7.248333
7.556667
10.526667
8.888333
6.280000
4.416667
3.805000
2.860000
3.943333
5.221667
6.138333
4.805000
5.113333
9.111667
10.306667
7.610000
8.083333
7.915000
7.250000
8.000000
7.581667
7.665000
6.585000
6.333333
6.418333
7.111667
9.303333
8.666667
6.668333
4.390000
3.805000
3.248333
3.138333
4.306667
5.973333
5.085000
5.028333
8.778333
9.360000
7.081667
7.695000
7.890000
7.331667
7.361667
8.191667
7.390000
6.390000
6.473333
6.415000
7.500000
9.443333
8.916667
6.525000
4.110000
4.111667
2.750000
3.138333
3.556667
4.890000
5.083333
5.056667
8.668333
9.915000
8.058333
8.945000
8.306667
7.276667
7.415000
7.833333
8.638333
7.610000
6.860000
7.136667
6.640000
8.390000
7.306667
6.250000
4.695000
4.666667
2.748333
1.863333
1.693333
3.388333
3.250000
2.388333
3.915000
7.638333
9.611667
11.611667
9.915000
9.805000
8.750000
8.526667
8.221667
7.805000
7.085000
6.750000
6.026667
6.556667
6.276667
5.026667
3.915000
4.386667
3.083333
1.695000
1.528333
2.918333
4.111667
1.973333
2.638333
4.888333
8.138333
11.331667
11.973333
10.305000
9.525000
8.805000
7.971667
6.638333
7.083333
8.416667
8.165000
7.528333
6.860000
6.750000
4.221667
4.083333
2.973333
3.276667
3.641667
5.001667
4.945000
4.750000
8.418333
9.416667
7.555000
8.278333
7.056667
7.248333
7.388333
8.110000
7.360000
6.306667
6.306667
6.638333
7.306667
9.360000
8.916667
6.416667
4.138333
3.946667
3.473333
3.666667
3.973333
5.113333
5.085000
4.666667
8.778333
9.693333
7.166667
8.666667
8.415000
6.833333
6.890000
7.695000
7.585000
6.471667
6.973333
7.331667
7.888333
10.526667
8.945000
6.831667
4.221667
3.610000
2.971667
4.000000
4.475000
4.888333
5.001667
5.305000
8.775000
9.555000
7.441667
7.360000
7.695000
7.473333
7.223333
7.750000
7.138333
5.886667
6.276667
6.585000
7.055000
9.776667
8.666667
6.390000
4.138333
4.055000
3.138333
4.196667
4.333333
5.638333
5.333333
4.833333
8.500000
9.498333
6.943333
7.666667
6.833333
7.195000
7.056667
7.388333
7.166667
6.195000
6.275000
6.278333
6.081667
7.916667
7.195000
5.556667
3.973333
4.471667
3.140000
3.501667
3.973333
5.193333
4.805000
2.305000
3.361667
5.610000
7.748333
11.390000
11.361667
9.835000
8.500000
8.195000
7.278333
6.388333
6.081667
6.053333
5.721667
6.806667
6.748333
5.361667
3.640000
4.333333
2.696667
1.610000
1.555000
3.110000
3.083333
1.861667
3.138333
5.498333
8.305000
10.138333
8.971667
8.693333
7.916667
7.723333
7.388333
6.583333
6.388333
5.998333
5.446667
6.055000
6.026667
5.415000
3.750000
3.971667
3.026667
2.530000
2.055000
3.335000
4.305000
2.140000
2.665000
4.581667
6.360000
10.666667
10.723333
10.026667
8.500000
8.056667
7.390000
6.418333
6.776667
6.863333
6.583333
8.528333
8.388333
5.778333
3.890000
3.750000
3.166667
3.583333
3.916667
5.113333
5.166667
5.056667
8.251667
9.000000
7.473333
8.305000
8.473333
7.721667
7.611667
8.223333
7.973333
6.446667
6.638333
6.471667
6.916667
9.331667
8.778333
6.611667
3.806667
3.640000
3.223333
4.751667
4.803333
5.471667
4.973333
4.776667
8.085000
9.083333
6.971667
7.693333
7.888333
7.333333
7.168333
7.835000
7.361667
6.335000
6.806667
7.361667
8.251667
10.250000
9.583333
6.833333
4.360000
3.861667
3.166667
3.858333
5.278333
5.861667
5.418333
5.223333
8.528333
9.333333
7.415000
8.166667
7.778333
7.473333
7.445000
8.165000
8.166667
6.473333
7.000000
7.471667
7.888333
9.975000
9.250000
7.028333
4.585000
4.248333
3.640000
4.528333
4.861667
5.780000
5.111667
4.943333
8.276667
9.526667
7.500000
8.471667
7.750000
7.526667
7.276667
7.973333
7.861667
7.445000
6.945000
6.416667
7.473333
9.833333
9.083333
7.055000
4.471667
3.916667
3.000000
3.945000
4.360000
5.445000
5.221667
5.083333
8.526667
9.335000
6.998333
7.971667
8.083333
7.973333
7.360000
7.945000
8.555000
7.861667
7.556667
7.473333
6.776667
8.390000
8.195000
6.335000
4.390000
4.695000
2.303333
1.778333
1.555000
2.693333
2.636667
2.426667
3.471667
6.890000
9.471667
12.305000
11.750000
11.861667
10.028333
9.221667
8.803333
7.693333
7.415000
6.971667
6.028333
5.415000
6.443333
5.166667
3.583333
4.610000
3.278333
1.888333
1.555000
2.416667
3.748333
2.056667
2.473333
4.611667
7.445000
11.360000
12.776667
12.138333
9.445000
8.443333
7.916667
6.860000
6.166667
7.053333
6.610000
8.918333
8.915000
5.555000
3.805000
3.636667
3.195000
3.751667
4.225000
4.556667
4.501667
5.166667
9.360000
9.721667
7.361667
8.693333
8.640000
7.696667
6.918333
8.025000
7.416667
6.333333
6.916667
6.775000
6.721667
9.001667
9.083333
6.723333
4.030000
3.998333
3.308333
3.860000
4.111667
4.640000
4.501667
5.251667
8.501667
8.636667
7.331667
8.638333
8.055000
7.723333
8.083333
8.998333
7.831667
7.305000
6.833333
6.778333
7.001667
10.418333
8.806667
6.445000
4.028333
3.945000
3.390000
3.746667
4.305000
4.778333
4.776667
5.140000
9.110000
9.638333
7.721667
8.721667
8.500000
7.303333
7.416667
8.028333
7.585000
5.945000
6.280000
6.501667
7.695000
9.611667
8.750000
6.166667
4.638333
3.946667
3.166667
3.780000
4.055000
4.555000
4.611667
5.193333
9.055000
8.943333
6.723333
7.780000
7.223333
6.945000
7.471667
7.916667
7.555000
5.721667
6.360000
6.248333
6.803333
8.778333
8.446667
6.195000
4.056667
3.666667
2.971667
3.860000
4.193333
4.555000
4.500000
5.081667
8.471667
8.445000
6.695000
7.443333
7.721667
6.888333
7.360000
8.610000
8.083333
6.723333
6.778333
6.056667
6.221667
8.751667
8.666667
6.501667
4.806667
4.638333
3.195000
1.863333
1.748333
2.943333
3.220000
2.553333
3.666667
7.085000
10.111667
11.915000
11.195000
10.195000
10.445000
10.331667
9.055000
7.333333
7.333333
7.391667
6.055000
7.083333
7.305000
6.085000
4.360000
5.166667
3.611667
2.193333
2.138333
2.971667
4.138333
2.750000
4.443333
8.555000
10.555000
12.498333
11.473333
10.750000
10.110000
8.750000
7.833333
7.223333
6.750000
7.721667
7.443333
8.140000
7.693333
5.776667
4.166667
3.888333
4.780000
4.525000
4.721667
4.250000
2.831667
5.388333
9.751667
10.388333
7.945000
8.110000
7.915000
7.331667
7.303333
8.248333
6.723333
6.083333
5.916667
6.528333
6.725000
8.638333
8.473333
5.890000
4.195000
3.888333
5.223333
4.443333
4.473333
4.056667
2.333333
4.886667
9.028333
8.945000
7.085000
7.971667
7.498333
7.276667
7.081667
8.193333
7.331667
6.278333
6.555000
6.528333
7.250000
8.888333
8.665000
6.526667
4.500000
3.835000
4.426667
4.223333
4.306667
3.918333
2.445000
4.725000
8.943333
9.250000
10.000000
7.360000
7.556667
7.638333
6.986667
8.358333
7.878333
6.836667
6.535000
6.928333
6.980000
8.558333
8.423333
6.611667
4.900000
4.528333
4.071667
3.345000
2.748333
2.640000
3.035000
4.866667
8.200000
8.981667
7.616667
8.106667
7.635000
7.408333
7.525000
8.293333
7.818333
6.781667
6.486667
6.875000
7.051667
8.495000
8.360000
6.558333
4.715000
4.608333
4.141667
3.405000
2.801667
2.690000
3.093333
4.953333
8.345000
9.141667
7.785000
8.253333
7.773333
7.541667
7.661667
8.441667
7.958333
6.903333
6.603333
6.998333
7.178333
8.646667
8.510000
6.678333
4.800000
5.458333
4.081667
3.235000
2.823333
2.966667
3.076667
3.245000
4.395000
7.190000
9.355000
11.288333
10.751667
9.625000
9.215000
9.178333
8.940000
7.860000
7.166667
6.946667
6.345000
7.096667
6.896667
6.101667
4.863333
5.183333
4.411667
3.300000
2.708333
2.631667
2.606667
2.665000
3.426667
5.478333
7.855000
11.240000
11.108333
10.085000
8.888333
8.556667
7.890000
6.805000
6.638333
6.723333
6.913333
8.863333
8.251667
5.890000
3.923333
4.000000
5.138333
4.556667
4.416667
3.890000
2.360000
4.723333
8.723333
9.388333
8.081667
8.860000
7.750000
7.221667
7.666667
8.416667
7.831667
6.111667
5.915000
6.500000
7.028333
9.388333
8.918333
6.693333
4.583333
3.915000
5.278333
4.446667
4.416667
4.110000
2.553333
5.055000
9.640000
8.778333
6.973333
7.973333
7.861667
7.666667
7.248333
8.055000
8.028333
6.945000
6.943333
7.418333
7.695000
10.083333
9.000000
6.168333
4.750000
4.250000
5.418333
4.835000
5.085000
4.501667
3.195000
5.221667
9.415000
9.473333
7.556667
9.110000
8.390000
7.695000
7.613333
8.443333
8.165000
7.833333
6.721667
7.165000
7.581667
9.390000
9.083333
6.941667
5.250000
4.056667
4.888333
4.776667
4.725000
4.193333
2.888333
5.000000
9.166667
9.445000
7.473333
8.501667
7.831667
7.750000
7.695000
8.498333
8.056667
6.916667
6.361667
7.000000
7.666667
9.803333
9.083333
6.413333
4.693333
4.136667
4.970000
4.333333
4.611667
4.276667
2.971667
4.943333
8.975000
10.028333
7.918333
8.000000
7.610000
7.860000
8.111667
8.388333
8.251667
8.526667
7.388333
7.666667
7.361667
9.276667
8.446667
6.415000
4.943333
4.890000
3.306667
2.471667
3.166667
2.975000
2.305000
2.945000
4.723333
8.108333
9.943333
12.971667
11.638333
10.195000
9.998333
9.471667
9.193333
8.111667
7.333333
7.221667
6.110000
7.335000
7.250000
5.833333
4.445000
4.721667
3.860000
2.305000
3.028333
4.055000
2.388333
2.251667
3.276667
5.611667
8.166667
11.861667
12.055000
11.053333
10.695000
9.750000
8.723333
7.803333
7.388333
7.776667
7.473333
9.056667
9.055000
6.555000
4.696667
4.445000
5.418333
5.360000
5.306667
4.918333
3.251667
5.526667
9.693333
10.526667
8.028333
8.500000
8.083333
7.390000
7.196667
8.305000
7.805000
6.471667
6.055000
6.333333
6.391667
9.501667
8.693333
6.166667
4.391667
3.971667
4.945000
4.445000
4.415000
4.081667
2.526667
4.805000
8.693333
9.360000
7.000000
8.250000
7.276667
7.221667
7.166667
7.831667
7.388333
6.831667
5.916667
6.278333
6.693333
8.945000
8.388333
5.915000
4.303333
4.030000
4.835000
4.443333
4.666667
4.026667
2.250000
3.416667
5.833333
8.001667
8.723333
10.611667
9.695000
9.138333
8.915000
9.083333
8.168333
6.916667
7.248333
7.221667
7.585000
9.890000
9.055000
6.943333
4.638333
4.136667
4.943333
4.500000
4.613333
4.221667
3.026667
5.306667
9.111667
9.446667
7.278333
8.140000
7.583333
6.970000
7.471667
8.165000
7.221667
6.138333
5.528333
6.335000
7.388333
9.250000
8.361667
6.640000
4.415000
4.583333
4.888333
4.721667
4.776667
4.276667
3.138333
5.168333
8.945000
9.555000
7.556667
8.110000
7.915000
8.001667
7.500000
8.278333
8.278333
7.415000
6.971667
6.443333
6.303333
7.863333
7.388333
6.028333
4.415000
4.196667
2.775000
1.805000
2.501667
2.446667
1.721667
2.333333
3.750000
6.885000
8.971667
11.528333
10.805000
9.361667
8.585000
8.556667
8.140000
7.553333
7.055000
6.168333
5.195000
6.668333
6.693333
5.611667
3.888333
4.693333
3.361667
1.861667
2.418333
3.445000
1.861667
1.555000
2.500000
4.973333
7.335000
11.723333
12.195000
10.751667
9.918333
9.001667
8.276667
6.888333
6.583333
6.806667
7.221667
8.138333
7.555000
6.168333
4.000000
3.835000
4.693333
4.056667
4.443333
4.110000
2.555000
4.806667
8.610000
9.138333
7.196667
8.695000
8.611667
7.526667
7.805000
8.388333
7.500000
6.363333
6.166667
5.945000
6.945000
9.195000
8.526667
6.611667
4.581667
4.195000
4.610000
4.001667
4.556667
4.445000
2.886667
5.136667
9.303333
9.220000
7.333333
8.556667
7.971667
7.278333
7.610000
8.221667
8.333333
6.638333
6.388333
6.750000
7.528333
9.583333
8.833333
6.528333
4.528333
3.920000
4.168333
3.641667
4.250000
4.055000
2.583333
5.055000
8.971667
9.390000
7.723333
8.081667
7.748333
6.720000
7.331667
7.945000
8.000000
6.501667
6.110000
6.808333
7.250000
9.471667
8.443333
6.721667
4.863333
3.888333
4.416667
3.833333
5.028333
4.360000
2.861667
5.028333
9.305000
9.721667
7.110000
8.166667
7.418333
7.583333
7.778333
8.668333
7.806667
6.913333
6.195000
6.501667
6.861667
9.638333
8.556667
6.500000
4.555000
4.250000
4.446667
3.971667
5.055000
4.195000
2.916667
5.165000
9.166667
9.723333
7.528333
8.943333
8.415000
7.638333
7.500000
8.193333
8.306667
7.776667
7.251667
6.778333
7.028333
8.665000
7.721667
5.945000
4.611667
4.778333
2.971667
1.888333
3.363333
2.695000
1.946667
2.416667
4.000000
7.696667
10.111667
12.915000
11.918333
9.778333
9.251667
9.303333
8.666667
7.750000
7.138333
6.916667
6.140000
6.890000
6.945000
5.831667
4.110000
4.945000
3.528333
2.415000
3.305000
3.666667
1.973333
1.918333
3.055000
5.998333
8.636667
12.528333
12.223333
11.221667
9.833333
8.916667
8.251667
7.806667
6.973333
6.833333
6.971667
8.668333
7.501667
6.083333
4.888333
4.250000
4.806667
4.221667
5.056667
4.360000
2.723333
4.776667
8.721667
9.776667
6.888333
7.778333
7.526667
7.443333
7.445000
8.221667
7.500000
6.168333
6.028333
6.725000
7.083333
9.110000
8.723333
6.526667
4.388333
3.805000
4.501667
3.805000
5.000000
4.248333
2.443333
4.611667
8.778333
8.775000
6.750000
7.581667
7.110000
6.778333
7.166667
7.806667
7.526667
6.611667
6.665000
7.500000
7.721667
9.888333
8.973333
6.445000
4.388333
4.168333
4.276667
3.748333
4.806667
4.138333
2.555000
4.666667
8.946667
9.280000
7.640000
8.111667
7.778333
7.168333
7.305000
8.193333
8.026667
6.528333
6.473333
6.721667
7.748333
9.361667
7.918333
6.331667
4.443333
4.141667
4.358333
3.748333
4.860000
4.138333
2.638333
4.668333
8.360000
9.611667
7.833333
8.585000
7.943333
7.416667
6.638333
8.333333
8.083333
6.611667
6.775000
6.863333
6.998333
9.415000
9.001667
6.945000
4.721667
4.363333
4.280000
3.916667
5.056667
4.306667
2.750000
4.890000
8.805000
9.556667
10.000000
8.528333
8.583333
7.640000
7.555000
8.526667
8.473333
7.555000
7.055000
7.168333
6.835000
8.416667
7.805000
5.556667
4.196667
4.221667
2.750000
1.748333
3.081667
2.333333
1.528333
2.025000
3.386667
7.193333
9.833333
11.776667
11.608333
10.166667
9.581667
9.053333
8.805000
7.138333
6.805000
6.500000
5.776667
6.915000
6.640000
5.583333
4.248333
4.720000
3.526667
2.085000
3.250000
3.693333
2.051667
1.721667
2.640000
4.890000
7.971667
11.721667
12.471667
11.445000
9.526667
8.971667
8.221667
7.388333
6.808333
6.971667
6.946667
8.168333
8.085000
6.416667
4.331667
4.083333
4.805000
4.333333
5.028333
4.388333
3.000000
5.026667
8.611667
9.250000
7.721667
8.720000
8.361667
7.500000
7.333333
8.111667
7.583333
5.861667
5.805000
6.555000
7.000000
9.500000
8.805000
6.528333
4.528333
4.138333
4.636667
4.083333
4.973333
4.195000
2.583333
4.445000
8.498333
8.971667
7.306667
8.000000
7.915000
7.500000
7.416667
8.581667
7.471667
6.666667
6.583333
6.695000
7.471667
9.388333
8.556667
7.000000
4.553333
3.805000
3.971667
3.861667
4.863333
4.113333
2.778333
4.750000
9.083333
9.805000
7.888333
8.360000
7.806667
7.335000
7.166667
8.555000
7.805000
6.666667
6.833333
7.085000
6.640000
8.000000
7.361667
6.195000
4.693333
4.973333
4.308333
4.416667
5.280000
4.360000
2.361667
2.610000
3.250000
6.055000
8.861667
12.391667
12.195000
10.946667
9.331667
8.748333
8.166667
6.971667
6.863333
6.058333
5.835000
7.083333
6.916667
5.611667
4.778333
4.553333
4.386667
4.085000
5.111667
4.441667
2.528333
3.306667
5.140000
7.583333
9.388333
10.305000
9.055000
8.388333
7.668333
8.525000
8.028333
7.081667
6.085000
6.083333
5.888333
7.386667
6.861667
5.583333
4.333333
4.666667
2.888333
2.001667
3.361667
2.776667
1.748333
2.081667
2.861667
5.805000
9.111667
12.500000
11.638333
10.111667
8.695000
8.445000
8.000000
6.553333
6.526667
6.193333
5.136667
6.498333
6.306667
5.668333
3.835000
4.221667
3.583333
2.026667
3.136667
3.638333
2.055000
1.693333
2.333333
4.946667
7.695000
10.666667
11.360000
11.193333
10.028333
8.248333
7.668333
7.418333
6.390000
7.138333
7.445000
8.971667
8.195000
6.055000
4.860000
4.251667
4.638333
4.611667
5.306667
4.360000
2.695000
4.610000
8.500000
9.723333
8.441667
8.890000
7.833333
7.581667
7.388333
8.668333
7.585000
6.191667
5.860000
6.028333
6.970000
9.000000
8.860000
6.720000
4.526667
3.805000
4.723333
3.916667
4.945000
4.168333
2.610000
4.640000
8.443333
8.916667
7.083333
8.246667
8.665000
7.695000
7.416667
8.166667
7.471667
6.526667
5.945000
6.668333
7.528333
9.638333
9.250000
7.083333
4.446667
4.055000
4.416667
3.833333
4.918333
4.335000
2.750000
4.833333
8.805000
9.555000
7.556667
8.501667
7.916667
7.750000
7.610000
8.331667
7.861667
6.916667
6.721667
7.166667
8.026667
9.138333
9.083333
7.360000
5.028333
4.278333
4.695000
4.306667
5.276667
4.500000
2.970000
4.971667
8.888333
9.556667
7.416667
8.055000
7.863333
7.500000
7.138333
8.028333
7.636667
6.693333
6.916667
7.280000
7.833333
9.585000
8.695000
6.833333
4.776667
4.278333
4.305000
3.970000
5.030000
4.416667
2.696667
5.028333
8.751667
9.915000
7.748333
8.276667
7.971667
7.500000
7.640000
8.528333
7.748333
7.418333
6.973333
6.998333
7.110000
9.000000
7.860000
5.888333
4.640000
4.886667
3.111667
2.083333
3.445000
2.748333
1.918333
2.473333
3.583333
7.500000
10.028333
12.085000
11.250000
11.166667
10.138333
9.443333
9.026667
7.946667
7.335000
6.721667
6.276667
6.860000
6.750000
6.138333
4.333333
4.721667
3.666667
2.361667
3.528333
4.028333
2.416667
2.138333
3.083333
5.943333
9.083333
12.555000
13.166667
11.723333
9.611667
8.806667
8.388333
7.305000
6.721667
7.473333
7.196667
8.831667
8.165000
6.613333
5.445000
5.138333
4.863333
5.055000
5.916667
4.916667
3.138333
4.886667
8.611667
9.556667
7.751667
9.055000
8.026667
7.500000
8.085000
8.610000
7.415000
6.333333
6.278333
6.445000
6.918333
8.916667
8.610000
6.920000
4.611667
3.778333
4.803333
4.638333
5.471667
4.360000
2.611667
4.778333
9.026667
9.665000
7.553333
7.638333
7.610000
7.081667
7.110000
8.276667
8.030000
6.973333
6.751667
6.416667
6.751667
8.916667
8.863333
6.581667
4.610000
4.001667
4.751667
4.555000
5.501667
4.445000
2.723333
4.835000
9.083333
9.498333
7.665000
8.333333
7.860000
7.555000
7.778333
8.028333
7.778333
6.500000
5.693333
6.083333
6.750000
9.805000
8.861667
6.780000
4.971667
4.195000
5.191667
4.973333
5.501667
3.640000
2.528333
4.750000
8.638333
9.471667
7.945000
8.528333
7.581667
7.193333
7.001667
8.305000
7.918333
6.860000
6.221667
6.890000
7.471667
8.750000
8.721667
6.696667
4.918333
4.333333
5.056667
4.610000
5.361667
3.805000
2.725000
4.638333
8.278333
10.416667
8.748333
9.361667
8.166667
7.278333
7.193333
8.361667
8.890000
7.695000
7.168333
7.193333
7.030000
8.388333
7.638333
6.111667
4.805000
4.941667
3.331667
2.138333
3.445000
2.805000
2.055000
2.583333
4.028333
8.138333
10.415000
12.111667
11.250000
9.278333
8.861667
8.750000
8.360000
7.501667
7.333333
7.526667
6.110000
7.250000
7.305000
6.055000
4.195000
4.666667
3.080000
2.251667
3.418333
3.751667
2.166667
1.888333
2.918333
5.695000
8.526667
12.888333
12.475000
10.583333
9.806667
9.028333
8.833333
7.808333
6.973333
6.750000
6.251667
7.331667
7.553333
5.888333
4.526667
4.693333
5.776667
5.693333
5.668333
3.696667
2.501667
3.528333
5.363333
8.665000
10.221667
11.195000
10.168333
8.443333
8.360000
9.416667
9.861667
8.888333
10.056667
10.280000
9.778333
9.776667
5.916667
4.833333
5.251667
5.610000
7.081667
6.583333
6.280000
4.000000
2.250000
2.028333
2.111667
3.638333
6.501667
10.668333
13.333333
14.720000
11.333333
7.000000
5.166667
6.221667
5.695000
5.416667
5.666667
6.943333
6.693333
5.751667
5.111667
5.001667
5.418333
5.248333
4.941667
3.248333
2.163333
2.055000
2.278333
4.248333
7.055000
12.000000
15.278333
14.971667
11.110000
6.801667
6.443333
6.386667
5.918333
6.443333
6.138333
6.776667
7.333333
6.473333
5.140000
4.748333
5.333333
5.250000
4.916667
3.225000
2.331667
3.556667
5.166667
7.276667
8.528333
10.805000
9.638333
8.695000
8.750000
8.723333
8.835000
7.750000
6.861667
6.333333
6.361667
8.168333
8.306667
6.723333
4.945000
4.721667
5.305000
5.335000
5.056667
3.528333
2.416667
3.833333
5.138333
7.055000
8.610000
10.360000
9.693333
8.778333
8.666667
8.665000
8.361667
7.805000
6.611667
6.666667
5.806667
7.750000
7.168333
5.776667
5.110000
4.526667
2.721667
1.945000
3.278333
2.638333
1.608333
1.971667
3.026667
6.081667
8.860000
11.138333
11.001667
10.140000
9.723333
9.001667
8.195000
7.193333
6.333333
6.553333
5.610000
6.388333
6.611667
5.723333
3.973333
4.361667
3.111667
2.195000
3.331667
3.776667
2.053333
1.638333
2.361667
4.611667
7.306667
11.113333
12.195000
11.695000
9.998333
8.915000
7.946667
7.056667
6.138333
6.415000
5.945000
6.943333
7.136667
5.918333
4.361667
4.555000
6.416667
5.638333
4.835000
3.083333
2.278333
3.058333
4.308333
6.638333
10.000000
11.195000
10.946667
9.111667
8.610000
9.110000
9.473333
8.501667
8.860000
11.500000
11.306667
11.805000
7.361667
5.028333
5.583333
