3.335000
2.223333
2.416667
2.000000
1.528333
1.721667
1.748333
1.611667
1.860000
3.085000
4.805000
5.195000
6.751667
6.193333
4.193333
3.111667
3.081667
3.498333
6.276667
3.695000
3.056667
3.973333
3.473333
2.666667
3.333333
1.333333
1.250000
1.221667
0.973333
1.280000
4.361667
3.585000
2.863333
3.665000
4.138333
4.721667
5.196667
4.085000
3.556667
3.778333
3.723333
2.721667
3.666667
5.943333
3.723333
4.750000
3.111667
2.583333
2.166667
2.026667
1.138333
0.778333
0.888333
1.695000
2.723333
3.610000
3.526667
3.723333
4.333333
4.026667
3.916667
5.390000
5.278333
3.860000
3.083333
2.916667
3.195000
3.861667
3.778333
4.583333
3.473333
2.223333
1.750000
1.610000
1.751667
1.581667
1.445000
1.888333
2.193333
3.530000
4.280000
4.196667
4.333333
3.613333
3.640000
4.026667
4.528333
3.471667
4.443333
3.860000
6.250000
3.305000
4.166667
3.611667
6.083333
2.861667
2.250000
1.220000
2.443333
3.835000
1.001667
1.193333
1.780000
2.971667
4.748333
9.361667
4.223333
4.611667
3.861667
3.945000
3.833333
6.110000
4.471667
4.305000
2.500000
3.333333
4.306667
5.750000
3.111667
2.306667
1.861667
1.805000
1.860000
2.445000
1.668333
0.888333
1.165000
1.695000
3.528333
5.583333
6.111667
6.331667
5.055000
4.721667
3.721667
4.251667
3.805000
2.890000
3.138333
2.583333
2.776667
4.610000
4.361667
2.583333
2.055000
1.333333
1.110000
1.140000
1.470000
1.695000
1.638333
2.140000
3.058333
5.611667
6.581667
7.443333
4.526667
4.335000
5.140000
3.861667
4.890000
4.500000
3.416667
3.053333
3.305000
3.750000
2.915000
4.751667
1.888333
0.000000
0.000000
0.000000
0.000000
0.131667
0.928333
1.413333
2.375000
4.325000
5.930000
6.451667
5.986667
7.015000
4.736667
4.193333
4.110000
4.446667
3.445000
3.530000
5.056667
8.083333
6.390000
7.861667
0.000000
0.000000
0.000000
0.000000
0.000000
0.211667
2.600000
5.355000
5.225000
4.018333
5.395000
2.666667
3.418333
3.195000
3.305000
2.973333
2.223333
2.278333
2.918333
3.416667
4.278333
4.360000
2.973333
1.973333
1.028333
0.890000
0.638333
0.555000
0.498333
0.495000
2.665000
5.486667
5.353333
4.120000
3.911667
3.725000
3.583333
3.428333
2.791667
3.000000
2.805000
2.416667
2.748333
4.275000
5.595000
5.468333
3.951667
2.598333
1.768333
1.140000
1.113333
1.086667
0.918333
1.208333
2.803333
5.775000
5.636667
4.335000
4.118333
3.921667
3.773333
3.606667
4.148333
4.016667
3.443333
3.350000
3.883333
4.981667
5.891667
5.755000
4.158333
2.716667
1.778333
1.148333
1.123333
1.093333
0.921667
1.216667
2.821667
5.810000
5.670000
4.363333
4.143333
3.945000
3.795000
3.628333
4.175000
4.041667
3.465000
3.370000
3.908333
5.015000
5.928333
5.793333
4.183333
2.728333
1.758333
1.136667
1.111667
1.083333
0.911667
1.205000
2.788333
5.746667
5.610000
4.316667
4.096667
3.903333
3.753333
3.593333
4.130000
3.996667
3.428333
3.335000
3.866667
4.961667
5.861667
5.730000
4.140000
2.661667
1.780000
1.373333
1.215000
1.040000
0.891667
0.953333
1.398333
2.025000
3.673333
5.611667
6.390000
5.881667
5.328333
4.908333
4.818333
4.726667
4.235000
3.808333
3.861667
3.763333
3.853333
3.768333
3.141667
2.370000
1.805000
1.410000
1.261667
1.035000
0.805000
0.793333
0.923333
1.403333
2.361667
4.303333
5.896667
6.416667
5.955000
5.233333
4.583333
4.223333
3.651667
3.426667
3.773333
4.375000
4.770000
4.360000
3.293333
2.231667
1.646667
1.061667
1.038333
1.011667
0.851667
1.126667
2.608333
5.376667
5.245000
4.036667
3.830000
3.646667
3.510000
3.355000
3.861667
3.738333
3.206667
3.118333
3.615000
4.638333
5.483333
5.356667
3.871667
2.538333
1.695000
1.093333
1.068333
1.043333
0.876667
1.156667
2.685000
5.533333
5.398333
4.155000
3.943333
3.756667
3.615000
3.458333
3.976667
3.846667
2.646667
2.416667
2.695000
3.471667
4.110000
3.915000
3.085000
2.055000
1.000000
0.638333
0.666667
0.525000
0.360000
0.583333
1.970000
4.470000
3.888333
2.861667
2.640000
2.638333
2.721667
2.555000
2.721667
2.833333
2.585000
2.556667
2.636667
3.416667
4.500000
4.498333
2.858333
1.775000
1.665000
1.305000
1.138333
0.778333
0.751667
0.975000
1.918333
4.111667
3.943333
3.333333
3.195000
3.083333
2.971667
2.833333
3.248333
3.028333
3.083333
2.136667
2.525000
3.525000
3.721667
4.055000
2.916667
1.723333
1.001667
0.583333
0.806667
0.526667
0.443333
0.693333
1.918333
4.333333
3.806667
3.000000
2.668333
2.695000
2.500000
2.585000
3.056667
2.916667
2.610000
2.445000
2.470000
3.053333
3.721667
3.526667
2.445000
1.583333
1.138333
0.611667
0.610000
0.386667
0.333333
0.470000
0.750000
1.195000
2.556667
4.391667
5.083333
4.888333
4.081667
3.861667
3.833333
3.890000
3.085000
2.638333
2.971667
2.833333
3.001667
3.111667
2.251667
1.556667
1.248333
0.945000
0.973333
0.471667
0.333333
0.441667
0.693333
1.111667
2.000000
3.695000
5.528333
5.861667
5.110000
4.803333
3.945000
3.558333
2.945000
2.971667
3.081667
3.721667
4.165000
3.723333
2.526667
1.553333
0.916667
0.640000
0.833333
0.498333
0.525000
0.721667
1.945000
4.250000
4.085000
3.111667
2.918333
2.611667
2.471667
2.638333
3.056667
2.446667
2.306667
2.138333
2.526667
3.308333
3.696667
3.776667
2.748333
1.611667
0.888333
0.441667
0.611667
0.498333
0.331667
0.611667
1.778333
3.806667
3.640000
2.805000
2.723333
2.556667
2.333333
2.443333
2.803333
2.418333
2.193333
2.445000
2.806667
3.528333
4.111667
3.943333
2.860000
1.498333
0.973333
0.668333
0.751667
0.498333
0.413333
0.555000
2.026667
4.528333
4.000000
2.751667
2.585000
2.750000
2.306667
2.610000
2.833333
2.833333
2.308333
2.251667
2.835000
3.470000
4.388333
4.056667
2.223333
1.555000
1.305000
0.665000
0.498333
0.415000
0.305000
0.583333
1.721667
3.776667
3.665000
2.863333
2.945000
2.751667
2.556667
2.501667
2.721667
2.888333
2.416667
2.390000
2.918333
3.665000
4.248333
3.833333
2.860000
1.610000
1.111667
0.753333
1.000000
0.610000
0.471667
0.640000
2.083333
4.306667
4.195000
2.916667
2.858333
2.723333
2.721667
2.416667
2.946667
2.946667
2.613333
2.446667
2.806667
3.055000
3.331667
3.443333
2.751667
1.638333
1.221667
0.861667
0.808333
0.583333
0.443333
0.526667
0.806667
1.333333
2.946667
4.361667
4.583333
4.333333
3.943333
3.526667
3.748333
3.665000
3.166667
2.945000
2.666667
2.445000
3.138333
3.138333
2.360000
1.611667
1.445000
1.025000
0.970000
0.806667
0.640000
0.555000
0.721667
1.335000
1.751667
3.473333
4.860000
5.306667
4.611667
4.360000
3.388333
3.278333
3.166667
2.833333
3.196667
3.085000
3.916667
3.890000
2.723333
1.500000
1.055000
0.526667
0.666667
0.471667
0.388333
0.803333
1.805000
3.945000
3.585000
3.000000
2.555000
2.805000
2.751667
2.806667
2.861667
2.666667
2.056667
2.110000
2.498333
3.445000
4.055000
3.695000
2.831667
1.636667
0.915000
0.526667
0.526667
0.413333
0.388333
0.526667
1.835000
3.668333
3.668333
2.833333
2.806667
2.833333
2.613333
2.475000
2.833333
2.750000
2.418333
2.415000
2.776667
3.388333
4.055000
3.835000
3.055000
10.000000
1.195000
1.136667
0.806667
0.470000
0.388333
0.693333
1.861667
4.056667
3.500000
2.390000
2.583333
2.611667
2.528333
2.528333
2.860000
2.805000
2.331667
2.498333
2.750000
2.973333
4.083333
3.138333
2.195000
1.388333
1.223333
1.028333
0.555000
0.386667
0.360000
0.666667
1.918333
3.636667
3.388333
2.666667
2.530000
2.500000
2.388333
2.163333
2.305000
2.250000
2.250000
2.276667
2.971667
2.833333
3.556667
3.418333
2.443333
1.278333
1.390000
0.693333
0.583333
0.443333
0.305000
0.526667
1.610000
3.278333
2.918333
2.416667
2.446667
2.638333
3.025000
2.610000
2.445000
2.638333
2.223333
2.333333
2.416667
2.140000
2.971667
2.943333
2.333333
1.361667
1.361667
1.140000
0.750000
0.415000
0.305000
0.415000
0.723333
1.001667
4.111667
3.415000
4.250000
4.113333
3.388333
3.805000
3.553333
3.805000
2.500000
2.501667
2.581667
2.528333
2.498333
2.610000
1.916667
1.221667
1.611667
1.056667
0.583333
0.331667
0.278333
0.278333
0.361667
0.778333
1.415000
2.693333
4.608333
4.860000
4.416667
3.776667
3.081667
2.666667
2.611667
2.640000
2.835000
3.280000
3.556667
3.223333
2.308333
1.390000
1.111667
0.860000
0.668333
0.388333
0.305000
0.416667
1.415000
3.306667
2.971667
2.278333
2.780000
2.888333
2.583333
2.750000
2.528333
2.415000
2.000000
1.665000
2.055000
2.443333
3.668333
3.443333
2.668333
1.390000
1.111667
0.861667
0.666667
0.278333
0.250000
0.498333
1.721667
3.083333
3.140000
2.165000
2.303333
2.443333
2.248333
2.748333
2.888333
2.555000
2.083333
2.056667
2.418333
2.665000
3.720000
3.445000
2.278333
1.391667
0.778333
1.166667
0.553333
0.360000
0.278333
0.498333
1.693333
3.693333
3.443333
1.688333
4.900000
6.945000
3.220000
3.111667
3.585000
3.638333
3.055000
2.888333
3.278333
3.666667
5.500000
4.918333
3.473333
2.333333
1.638333
1.500000
0.833333
0.666667
0.723333
1.026667
2.443333
5.168333
4.640000
3.333333
3.723333
3.418333
3.141667
2.806667
3.640000
3.443333
2.941667
3.306667
3.473333
3.720000
5.223333
5.056667
3.388333
2.111667
1.418333
1.418333
1.081667
0.805000
0.696667
0.831667
2.360000
5.001667
4.916667
3.333333
3.720000
3.748333
3.416667
3.276667
3.805000
3.693333
3.305000
3.418333
3.388333
3.445000
4.026667
3.776667
3.085000
2.276667
2.083333
1.636667
1.085000
0.696667
0.526667
0.780000
1.001667
1.528333
3.305000
4.916667
6.193333
6.525000
5.555000
5.280000
4.668333
4.388333
4.111667
3.721667
3.723333
3.335000
3.666667
3.418333
3.223333
2.053333
2.221667
1.833333
1.113333
0.750000
0.611667
0.721667
0.916667
1.445000
2.526667
4.776667
6.610000
7.583333
6.305000
5.221667
4.723333
4.140000
3.528333
3.418333
3.751667
3.945000
4.943333
4.806667
3.251667
2.000000
1.721667
1.416667
1.110000
0.695000
0.583333
0.836667
2.388333
5.055000
4.526667
3.443333
3.860000
3.750000
3.416667
3.556667
3.638333
3.583333
2.806667
2.775000
3.278333
3.471667
5.111667
5.303333
3.528333
2.083333
1.720000
1.418333
0.780000
0.611667
0.611667
0.806667
2.553333
4.971667
4.666667
3.026667
3.110000
3.196667
3.000000
3.721667
3.665000
3.500000
2.890000
3.081667
3.750000
3.750000
5.640000
4.640000
3.306667
1.971667
1.553333
1.390000
1.025000
0.750000
1.223333
0.861667
2.443333
5.360000
4.581667
3.140000
3.500000
3.498333
3.305000
3.498333
3.666667
3.276667
2.835000
3.030000
3.390000
3.833333
5.056667
5.555000
3.861667
2.196667
1.583333
1.473333
0.861667
0.553333
1.165000
0.861667
2.138333
4.973333
4.861667
3.555000
3.670000
3.416667
3.251667
3.278333
3.500000
3.498333
2.806667
2.558333
3.195000
3.526667
4.668333
5.055000
3.806667
2.276667
1.640000
1.221667
1.110000
0.721667
1.331667
0.916667
2.305000
5.138333
4.526667
3.498333
3.501667
3.390000
3.250000
3.528333
3.583333
3.305000
3.028333
2.945000
2.971667
3.471667
4.223333
4.308333
2.890000
1.943333
1.945000
1.500000
0.916667
0.806667
1.276667
0.583333
1.056667
1.500000
3.443333
4.390000
6.056667
6.165000
4.943333
4.750000
4.720000
4.526667
4.166667
3.363333
3.445000
3.055000
3.445000
3.415000
2.890000
1.916667
2.053333
1.526667
1.221667
1.000000
1.276667
0.526667
0.780000
1.276667
1.833333
3.333333
6.358333
7.220000
5.808333
4.363333
4.446667
4.250000
3.638333
3.916667
3.610000
3.250000
4.251667
4.416667
2.833333
2.028333
1.943333
1.555000
1.083333
0.723333
1.250000
0.750000
2.165000
3.776667
3.776667
4.056667
4.388333
4.388333
3.860000
3.695000
4.305000
3.665000
3.001667
2.918333
3.416667
4.168333
5.223333
5.193333
3.581667
2.305000
1.723333
1.445000
1.026667
0.666667
1.193333
0.751667
2.223333
4.416667
4.833333
3.221667
3.610000
3.610000
3.081667
3.358333
3.555000
3.303333
2.861667
3.001667
3.388333
4.221667
5.306667
5.333333
3.471667
1.971667
1.613333
1.528333
1.000000
0.721667
1.220000
0.780000
2.556667
5.276667
4.361667
3.220000
3.471667
3.668333
3.306667
3.388333
3.388333
3.276667
2.693333
2.805000
3.165000
3.780000
4.971667
4.806667
3.611667
2.113333
1.583333
1.280000
0.695000
0.695000
1.305000
0.835000
2.445000
4.916667
4.780000
3.581667
2.960000
2.890000
3.361667
3.333333
3.361667
3.165000
2.693333
3.110000
3.331667
3.861667
5.195000
5.250000
3.471667
2.110000
1.640000
1.278333
1.110000
0.721667
1.361667
0.973333
2.666667
5.251667
5.055000
3.638333
3.695000
3.443333
3.443333
3.583333
3.805000
3.918333
3.416667
3.225000
3.473333
3.721667
4.028333
4.085000
3.030000
2.191667
2.055000
1.473333
1.138333
0.780000
1.221667
0.751667
1.055000
2.056667
3.636667
5.776667
6.526667
6.361667
6.113333
5.471667
5.083333
4.360000
4.081667
3.500000
3.640000
3.361667
3.805000
3.721667
3.026667
1.998333
2.278333
1.835000
1.000000
0.778333
1.246667
0.443333
0.888333
1.806667
2.556667
4.250000
6.721667
6.918333
7.278333
5.695000
4.500000
4.028333
3.665000
3.556667
4.306667
4.305000
5.611667
4.723333
3.335000
2.250000
1.636667
1.388333
1.083333
0.831667
1.361667
0.835000
2.721667
5.415000
5.055000
3.528333
3.723333
3.776667
3.581667
3.693333
3.666667
3.556667
3.138333
3.168333
3.610000
3.610000
5.501667
5.446667
3.723333
2.030000
1.583333
1.638333
0.888333
0.666667
1.276667
0.890000
2.528333
5.085000
4.611667
3.165000
3.666667
3.530000
3.056667
3.111667
3.640000
3.361667
2.751667
2.778333
3.970000
4.445000
6.138333
5.835000
4.248333
2.611667
2.000000
1.693333
1.250000
0.971667
1.638333
1.306667
3.223333
6.195000
5.585000
10.000000
3.778333
3.943333
3.526667
3.833333
3.863333
3.665000
3.110000
2.943333
3.445000
4.055000
5.195000
5.193333
4.001667
2.165000
1.526667
1.360000
0.750000
0.610000
1.220000
0.916667
2.665000
5.251667
5.223333
3.196667
3.610000
3.390000
3.085000
3.166667
3.860000
3.416667
2.805000
2.638333
3.446667
4.110000
5.250000
5.108333
3.638333
2.223333
1.778333
1.500000
0.918333
0.721667
1.358333
0.888333
2.861667
5.390000
5.168333
3.530000
3.806667
3.835000
3.666667
3.583333
3.860000
3.500000
3.361667
3.528333
3.666667
3.721667
4.666667
4.390000
3.280000
2.083333
2.110000
1.471667
1.110000
0.610000
1.166667
0.780000
1.250000
2.278333
4.501667
5.418333
6.166667
6.028333
5.221667
4.723333
5.026667
4.886667
4.443333
3.971667
3.640000
3.610000
3.833333
3.500000
3.250000
1.945000
2.305000
1.890000
1.390000
0.918333
1.361667
0.583333
0.861667
2.056667
2.665000
4.305000
6.553333
6.833333
6.306667
5.666667
4.833333
4.085000
3.416667
3.360000
4.443333
4.695000
5.305000
4.860000
3.665000
2.166667
1.638333
1.388333
0.916667
0.778333
1.471667
0.890000
2.528333
5.638333
5.085000
3.668333
3.555000
3.638333
3.973333
4.055000
4.221667
3.636667
3.110000
2.501667
2.998333
3.915000
5.471667
5.221667
3.611667
1.888333
1.498333
1.335000
0.888333
0.665000
1.165000
0.915000
2.636667
5.608333
5.028333
3.335000
3.140000
3.446667
3.331667
3.555000
3.723333
3.276667
2.806667
2.806667
3.556667
4.276667
6.055000
5.416667
3.833333
2.030000
1.583333
1.585000
0.888333
0.610000
1.331667
0.806667
2.693333
6.223333
4.975000
3.418333
3.500000
3.526667
3.331667
3.668333
3.610000
3.418333
3.055000
2.805000
3.166667
4.136667
5.776667
5.110000
3.471667
2.361667
1.585000
1.498333
0.695000
0.555000
1.026667
0.778333
2.416667
5.888333
5.443333
3.331667
3.750000
3.693333
3.890000
3.526667
3.695000
3.055000
3.108333
3.026667
3.418333
4.555000
5.695000
5.333333
3.636667
2.138333
1.668333
1.445000
0.890000
0.723333
1.195000
0.778333
2.471667
6.221667
5.275000
3.360000
4.056667
3.806667
3.611667
3.361667
3.473333
3.610000
3.443333
2.888333
3.138333
3.776667
4.388333
4.305000
3.306667
2.111667
2.085000
1.361667
1.110000
0.805000
0.970000
0.526667
1.056667
2.195000
4.416667
5.665000
6.750000
6.278333
5.360000
4.971667
5.083333
4.778333
4.081667
3.860000
3.945000
3.528333
3.888333
3.720000
2.916667
2.111667
2.055000
1.836667
1.055000
0.831667
1.083333
0.526667
0.835000
1.890000
3.136667
5.081667
6.693333
6.778333
6.140000
5.553333
4.500000
3.886667
3.723333
3.556667
3.888333
4.306667
5.416667
5.443333
3.388333
2.083333
1.640000
1.750000
0.998333
0.918333
1.166667
0.780000
2.721667
5.945000
5.278333
3.638333
3.860000
4.195000
3.303333
3.221667
3.998333
3.443333
2.971667
3.333333
3.305000
4.361667
5.165000
5.666667
3.916667
2.250000
1.388333
1.333333
0.833333
0.803333
1.196667
0.805000
2.611667
5.250000
5.303333
3.471667
3.415000
3.446667
3.081667
3.111667
3.613333
3.055000
3.000000
3.000000
3.666667
4.138333
5.750000
5.223333
3.665000
2.220000
1.638333
1.723333
0.998333
1.140000
1.500000
0.945000
3.195000
6.110000
4.915000
3.611667
3.363333
3.778333
3.246667
3.306667
3.331667
3.333333
3.163333
3.556667
3.720000
4.386667
5.611667
5.331667
3.835000
2.166667
1.500000
1.445000
0.693333
0.886667
1.276667
0.806667
2.805000
5.916667
5.388333
3.778333
3.471667
3.833333
3.251667
3.250000
3.638333
3.388333
3.001667
2.835000
3.418333
3.861667
5.195000
5.195000
3.776667
2.108333
1.583333
1.361667
0.833333
0.973333
1.721667
0.888333
2.668333
5.723333
5.805000
4.305000
4.166667
3.805000
3.583333
3.943333
4.416667
5.000000
3.945000
3.778333
4.056667
4.113333
4.748333
4.278333
3.056667
1.920000
2.331667
1.471667
0.806667
1.085000
1.335000
0.666667
1.168333
2.278333
4.473333
5.390000
6.748333
6.000000
5.806667
4.836667
4.416667
4.416667
4.028333
3.665000
4.528333
3.973333
4.251667
3.778333
3.335000
2.111667
2.530000
2.138333
1.221667
1.026667
1.166667
0.668333
1.111667
2.165000
3.416667
4.888333
7.140000
7.530000
5.916667
4.221667
4.420000
4.111667
3.610000
4.000000
4.500000
5.001667
5.610000
5.221667
3.445000
2.390000
1.833333
1.693333
1.166667
1.026667
1.721667
1.001667
2.916667
6.030000
5.416667
3.860000
3.943333
3.831667
3.333333
3.581667
3.638333
3.693333
3.056667
2.751667
3.528333
4.361667
5.166667
4.945000
3.498333
2.165000
1.610000
1.443333
0.863333
0.971667
1.306667
0.806667
2.443333
5.360000
5.111667
3.361667
3.305000
3.056667
3.195000
3.195000
3.526667
3.168333
2.833333
2.890000
3.695000
4.610000
5.528333
5.001667
4.001667
2.305000
1.555000
1.223333
0.778333
0.860000
1.610000
0.693333
3.083333
6.028333
4.888333
3.250000
2.861667
3.028333
2.833333
2.750000
3.081667
3.111667
2.835000
2.971667
3.500000
3.556667
4.945000
4.918333
3.500000
2.138333
1.611667
1.335000
0.750000
0.971667
1.303333
0.748333
2.611667
5.225000
4.861667
3.136667
3.083333
3.053333
2.973333
3.025000
3.250000
3.223333
2.861667
2.833333
3.223333
3.778333
5.611667
5.026667
3.555000
2.001667
1.640000
1.251667
0.808333
0.945000
0.891667
0.916667
2.973333
6.053333
5.193333
3.611667
3.581667
3.666667
3.138333
2.886667
3.581667
3.221667
2.915000
3.221667
3.111667
3.386667
4.221667
4.028333
2.638333
2.278333
2.166667
1.555000
0.888333
0.776667
0.695000
0.555000
1.083333
2.195000
4.446667
5.916667
6.888333
6.055000
5.916667
5.361667
5.000000
4.888333
4.581667
4.471667
4.248333
3.445000
4.223333
4.000000
3.166667
2.278333
2.221667
1.916667
1.445000
1.305000
1.083333
1.028333
1.060000
1.438333
2.471667
3.695000
6.195000
6.721667
6.971667
6.415000
5.415000
4.668333
4.111667
3.805000
4.141667
3.891667
5.860000
5.888333
4.083333
2.388333
1.803333
1.280000
0.668333
0.998333
1.113333
1.223333
2.335000
4.916667
5.333333
3.556667
3.861667
3.805000
3.280000
3.280000
3.611667
3.445000
2.860000
2.723333
3.083333
3.721667
5.056667
5.333333
3.721667
2.028333
2.028333
1.445000
0.723333
0.638333
0.861667
1.026667
2.360000
4.805000
4.778333
3.083333
3.306667
3.388333
3.166667
3.000000
3.526667
3.415000
2.943333
2.886667
3.336667
3.890000
6.140000
5.778333
4.500000
2.168333
1.693333
1.280000
0.666667
0.611667
0.973333
1.056667
2.530000
5.415000
5.388333
3.416667
3.331667
3.443333
2.916667
3.028333
3.166667
3.221667
2.665000
2.750000
2.833333
3.530000
5.526667
4.861667
3.498333
2.248333
2.111667
1.585000
0.640000
0.693333
1.026667
1.028333
1.916667
3.305000
4.193333
4.056667
5.306667
5.665000
5.248333
4.693333
4.361667
3.890000
3.445000
3.860000
3.805000
4.136667
6.668333
5.388333
3.943333
2.443333
1.696667
1.335000
0.750000
0.831667
1.276667
1.390000
2.585000
5.555000
5.721667
3.611667
3.723333
3.333333
3.333333
3.471667
3.833333
3.581667
3.390000
3.195000
3.583333
3.725000
4.860000
4.776667
3.721667
2.361667
2.335000
1.581667
0.833333
0.831667
1.361667
0.998333
1.026667
1.946667
3.778333
10.000000
6.221667
5.695000
5.946667
5.055000
4.888333
4.860000
4.445000
4.170000
4.166667
3.553333
4.860000
4.443333
3.276667
2.000000
2.310000
1.721667
1.238333
1.350000
0.991667
1.360000
1.246667
1.851667
4.548333
7.941667
10.936667
10.000000
8.106667
6.753333
6.215000
5.128333
4.250000
4.298333
5.081667
5.590000
6.850000
6.271667
4.125000
3.210000
1.698333
1.178333
0.941667
0.841667
1.031667
1.681667
3.086667
5.208333
6.803333
7.366667
6.251667
6.328333
5.543333
4.920000
5.840000
5.071667
4.536667
4.516667
4.776667
5.120000
6.173333
5.826667
4.226667
2.555000
1.765000
1.276667
0.981667
0.946667
0.880000
1.378333
2.791667
5.711667
5.918333
5.788333
5.315000
4.210000
4.270000
4.368333
4.781667
4.530000
4.046667
3.781667
3.928333
4.478333
5.615000
5.255000
3.838333
2.716667
1.873333
0.966667
0.876667
0.851667
0.943333
1.808333
2.518333
6.181667
6.036667
5.796667
5.116667
5.453333
5.270000
4.635000
4.768333
5.188333
4.066667
3.575000
3.888333
4.076667
5.540000
5.511667
4.425000
2.556667
1.805000
1.038333
0.983333
1.015000
1.020000
1.218333
2.326667
4.090000
5.843333
5.896667
6.553333
5.396667
4.796667
4.600000
4.748333
5.336667
4.863333
4.151667
3.978333
4.126667
4.930000
4.913333
3.608333
2.511667
1.960000
1.270000
1.071667
0.970000
1.001667
1.083333
1.196667
3.351667
3.823333
5.280000
6.931667
7.718333
7.428333
6.470000
4.868333
4.793333
4.311667
3.966667
3.621667
3.696667
4.413333
4.788333
3.431667
2.465000
1.960000
1.360000
1.113333
1.160000
0.955000
1.378333
1.536667
2.291667
3.671667
5.226667
6.866667
6.676667
5.275000
5.131667
4.946667
4.606667
3.870000
3.423333
3.685000
4.190000
4.218333
4.330000
3.663333
2.508333
1.993333
1.596667
1.263333
1.215000
1.128333
1.166667
1.183333
1.848333
3.291667
5.190000
6.338333
7.508333
6.945000
6.228333
5.701667
4.590000
3.838333
3.566667
4.026667
4.400000
5.388333
4.886667
3.895000
2.655000
2.083333
1.471667
1.270000
1.158333
1.195000
1.065000
1.571667
3.173333
3.215000
6.251667
7.348333
8.455000
8.713333
7.615000
6.005000
5.296667
4.935000
4.830000
5.200000
6.181667
7.345000
7.095000
4.486667
2.613333
1.783333
1.056667
0.883333
0.908333
0.943333
1.263333
3.590000
7.723333
6.660000
4.843333
4.906667
5.143333
4.240000
4.425000
4.868333
4.595000
3.758333
3.740000
4.415000
5.056667
6.220000
6.291667
4.655000
2.860000
1.756667
1.088333
0.790000
0.836667
0.830000
1.416667
3.331667
7.815000
6.285000
5.510000
4.995000
4.695000
4.248333
4.515000
5.115000
5.190000
4.466667
3.856667
4.201667
5.933333
6.830000
6.865000
4.890000
2.921667
1.870000
1.030000
0.968333
0.948333
0.940000
1.170000
3.026667
6.996667
6.965000
5.191667
5.775000
5.078333
4.396667
4.373333
4.520000
4.686667
3.645000
3.696667
4.628333
5.218333
6.681667
7.568333
5.025000
2.758333
1.780000
1.115000
0.901667
0.983333
1.141667
1.576667
3.233333
8.051667
6.826667
6.608333
4.948333
4.826667
4.158333
4.741667
4.885000
5.310000
5.016667
4.065000
4.035000
4.610000
5.746667
5.513333
4.118333
2.646667
1.970000
1.300000
1.023333
0.835000
0.855000
1.288333
1.551667
3.073333
5.100000
7.776667
7.810000
7.371667
6.406667
6.011667
5.988333
5.768333
5.158333
4.658333
4.770000
4.716667
5.081667
4.910000
3.910000
2.701667
2.511667
1.451667
1.225000
1.035000
0.828333
0.978333
1.098333
1.705000
3.233333
6.386667
8.263333
9.485000
9.943333
7.455000
7.078333
5.456667
4.573333
4.298333
4.421667
4.586667
6.505000
6.650000
4.535000
2.691667
1.905000
1.291667
1.093333
1.113333
1.406667
1.546667
3.943333
8.566667
7.606667
6.210000
5.511667
6.008333
5.041667
4.655000
4.813333
4.753333
4.055000
4.170000
4.688333
5.766667
6.825000
7.065000
4.723333
2.688333
1.733333
1.021667
1.003333
1.140000
0.883333
1.281667
3.373333
7.360000
6.553333
5.470000
5.285000
5.866667
5.351667
4.695000
4.878333
5.015000
3.860000
3.801667
5.375000
7.385000
7.040000
6.563333
4.855000
3.361667
1.820000
1.028333
0.816667
0.776667
0.803333
1.323333
3.366667
8.561667
7.205000
5.748333
4.718333
4.500000
3.953333
4.423333
4.836667
4.608333
4.006667
4.251667
4.520000
6.138333
7.511667
6.065000
4.358333
3.091667
1.841667
0.956667
0.743333
0.903333
0.975000
1.300000
3.393333
6.993333
6.996667
5.396667
5.408333
5.320000
4.938333
4.681667
5.076667
5.316667
4.956667
4.275000
5.656667
6.203333
7.350000
6.730000
5.070000
3.406667
2.148333
1.133333
1.086667
1.043333
1.186667
1.645000
3.573333
8.283333
7.603333
7.513333
7.371667
6.893333
6.505000
5.676667
5.361667
5.190000
4.015000
4.006667
4.316667
5.120000
6.935000
5.991667
4.261667
2.498333
2.073333
1.248333
1.083333
1.113333
1.008333
1.233333
1.725000
3.183333
5.341667
7.973333
9.106667
8.520000
8.288333
7.020000
7.286667
6.238333
5.040000
4.816667
5.236667
4.985000
4.008333
3.693333
3.583333
2.800000
2.268333
1.426667
1.021667
0.978333
0.871667
1.211667
1.416667
2.151667
3.866667
5.991667
8.405000
8.420000
7.400000
6.765000
6.083333
5.650000
5.530000
4.715000
4.970000
5.238333
6.878333
6.613333
4.448333
3.205000
2.140000
1.200000
1.196667
1.231667
1.318333
1.646667
3.508333
8.078333
7.773333
6.360000
5.060000
4.790000
4.673333
4.361667
4.641667
4.341667
3.728333
3.631667
3.825000
5.376667
6.091667
6.003333
4.611667
2.660000
1.731667
1.040000
0.895000
0.933333
0.843333
1.251667
3.486667
7.885000
7.243333
5.413333
5.778333
6.841667
7.036667
6.085000
5.045000
5.228333
4.255000
4.375000
5.588333
6.930000
7.238333
5.926667
4.901667
3.711667
2.353333
1.476667
1.388333
1.431667
1.386667
2.058333
3.871667
8.961667
7.903333
6.978333
5.818333
6.010000
6.391667
5.386667
5.856667
5.771667
4.843333
4.891667
5.216667
6.496667
7.336667
6.161667
4.826667
3.105000
2.043333
1.076667
0.878333
0.911667
1.083333
1.305000
3.343333
7.395000
6.981667
5.683333
6.238333
5.653333
4.356667
4.205000
5.080000
5.298333
4.395000
4.526667
5.576667
6.726667
7.768333
7.090000
5.183333
3.501667
2.103333
1.451667
1.403333
1.375000
1.435000
1.751667
3.785000
9.241667
7.918333
6.001667
4.901667
4.260000
4.466667
4.278333
4.711667
5.473333
4.466667
5.476667
5.251667
5.125000
5.890000
5.893333
5.148333
3.248333
2.683333
1.946667
1.603333
1.471667
1.405000
1.785000
2.233333
4.291667
5.670000
8.008333
8.451667
8.501667
6.828333
6.405000
6.520000
6.166667
5.718333
4.888333
4.416667
4.345000
4.603333
4.378333
3.980000
2.243333
1.750000
1.240000
1.180000
1.086667
0.813333
0.898333
0.993333
2.381667
3.573333
6.071667
8.470000
8.546667
7.413333
6.721667
5.968333
5.266667
4.286667
4.045000
4.018333
4.868333
5.145000
5.900000
4.611667
3.775000
1.911667
1.090000
0.828333
0.791667
0.816667
1.403333
2.196667
5.536667
5.455000
7.606667
7.078333
6.425000
5.938333
5.366667
5.273333
5.028333
4.493333
4.191667
3.955000
4.083333
4.925000
5.538333
4.638333
10.000000
2.113333
1.805000
0.945000
0.946667
0.973333
0.776667
0.750000
1.388333
3.000000
4.390000
6.526667
6.498333
5.306667
4.833333
4.306667
4.083333
3.611667
3.888333
4.778333
4.083333
6.140000
6.055000
4.055000
2.308333
1.805000
1.390000
0.776667
0.780000
1.138333
1.250000
2.583333
5.806667
5.833333
3.386667
3.138333
3.835000
3.971667
4.640000
4.416667
4.335000
3.501667
3.166667
3.581667
4.056667
5.555000
5.806667
4.526667
2.473333
2.113333
1.361667
0.526667
0.668333
1.221667
1.498333
2.665000
5.473333
5.695000
3.193333
3.695000
4.278333
4.166667
4.166667
4.278333
4.248333
3.083333
2.998333
3.250000
3.860000
6.110000
5.835000
4.471667
2.500000
2.248333
1.306667
0.750000
0.751667
1.335000
1.335000
2.781667
5.888333
5.415000
4.001667
4.443333
3.861667
3.000000
2.833333
3.471667
3.305000
2.946667
3.085000
3.305000
3.806667
4.363333
4.666667
3.610000
2.278333
2.361667
1.556667
0.863333
0.750000
1.251667
1.141667
1.000000
1.916667
4.081667
5.306667
6.446667
6.776667
5.193333
4.751667
4.890000
4.778333
3.806667
3.830000
3.638333
3.140000
4.471667
4.610000
3.250000
2.331667
2.276667
1.693333
1.001667
0.806667
0.526667
0.695000
0.805000
1.081667
2.915000
4.165000
6.305000
6.778333
5.916667
5.000000
4.085000
4.335000
3.611667
3.473333
3.806667
3.556667
6.360000
6.250000
4.556667
2.805000
2.275000
1.916667
1.390000
1.250000
1.778333
1.776667
3.028333
5.613333
5.695000
4.000000
3.805000
3.890000
3.693333
3.945000
4.028333
3.721667
3.166667
3.280000
4.086667
4.415000
5.973333
5.610000
3.998333
2.471667
1.776667
1.610000
0.778333
0.695000
0.890000
1.000000
2.860000
5.721667
5.081667
3.526667
4.001667
3.028333
3.110000
3.360000
3.666667
3.083333
2.471667
2.750000
3.663333
4.471667
5.998333
6.028333
4.555000
2.498333
2.028333
1.585000
0.750000
0.723333
1.333333
1.305000
2.803333
5.860000
5.585000
3.583333
3.833333
3.971667
3.610000
2.945000
3.695000
3.583333
2.833333
2.723333
3.250000
4.278333
6.610000
5.778333
4.331667
2.363333
1.998333
1.390000
0.695000
0.611667
0.916667
1.473333
2.971667
5.388333
6.695000
4.445000
3.943333
3.555000
3.750000
3.140000
3.473333
3.555000
3.136667
3.000000
3.500000
3.835000
6.001667
6.168333
4.275000
2.303333
2.110000
1.388333
0.973333
0.863333
1.391667
1.278333
2.971667
5.693333
5.305000
3.721667
4.053333
4.055000
3.636667
3.250000
3.668333
3.693333
3.806667
3.696667
3.751667
3.443333
5.223333
5.861667
4.028333
2.665000
2.611667
1.528333
0.943333
0.805000
1.280000
1.166667
1.110000
3.166667
4.943333
5.750000
6.248333
5.750000
5.110000
4.526667
4.998333
4.416667
4.331667
3.835000
3.780000
3.806667
4.665000
4.501667
3.140000
2.278333
2.360000
2.085000
1.193333
0.890000
0.640000
0.526667
0.943333
2.028333
3.971667
4.168333
6.168333
6.498333
5.805000
5.193333
4.306667
4.471667
3.835000
3.805000
4.333333
4.083333
6.000000
5.805000
3.971667
2.195000
2.056667
1.750000
1.276667
1.276667
1.526667
1.528333
3.138333
6.608333
6.553333
4.305000
3.638333
3.750000
3.221667
3.111667
4.085000
3.500000
3.026667
2.693333
3.665000
4.638333
6.666667
6.388333
4.305000
2.305000
2.000000
1.611667
0.640000
0.640000
1.001667
1.278333
3.138333
5.638333
5.028333
3.833333
3.916667
3.111667
2.973333
2.973333
3.556667
3.446667
3.110000
2.750000
3.471667
4.861667
7.000000
6.251667
4.055000
2.500000
2.165000
1.388333
0.890000
0.945000
1.306667
1.308333
3.221667
5.418333
5.028333
3.053333
3.111667
3.080000
2.886667
3.528333
3.501667
3.418333
3.001667
3.000000
2.971667
3.861667
5.471667
5.778333
4.223333
2.443333
2.163333
1.581667
0.805000
0.861667
1.110000
1.443333
3.220000
5.638333
5.471667
3.778333
3.581667
3.445000
2.861667
3.000000
3.138333
3.001667
2.888333
2.778333
3.166667
4.166667
5.640000
5.471667
3.945000
2.333333
2.056667
1.333333
1.028333
1.030000
1.471667
1.415000
3.250000
5.750000
5.361667
3.166667
3.861667
3.723333
3.638333
3.165000
3.805000
4.000000
3.500000
3.138333
3.331667
4.305000
5.028333
4.500000
3.526667
2.108333
2.525000
1.610000
1.111667
0.861667
1.276667
1.056667
1.388333
2.166667
3.638333
4.998333
5.693333
5.278333
4.611667
4.943333
4.723333
4.445000
4.278333
4.168333
4.193333
4.335000
4.638333
4.581667
3.555000
2.360000
2.668333
1.861667
1.390000
1.138333
0.778333
0.723333
1.195000
1.388333
2.778333
4.221667
6.086667
6.666667
5.918333
5.110000
5.195000
4.278333
3.946667
3.833333
4.168333
4.610000
5.918333
5.140000
3.693333
2.335000
1.666667
1.361667
0.888333
0.805000
1.471667
1.751667
3.416667
5.361667
5.610000
3.248333
3.473333
3.610000
3.140000
3.220000
4.001667
3.443333
2.886667
2.723333
3.251667
3.638333
4.943333
5.331667
3.665000
2.250000
1.751667
1.555000
0.751667
0.890000
1.473333
1.500000
3.165000
4.636667
4.500000
2.591667
3.640000
3.555000
2.973333
3.305000
4.056667
4.000000
3.416667
3.053333
3.611667
4.361667
5.890000
5.890000
4.390000
2.528333
2.083333
1.555000
0.920000
0.915000
1.526667
1.720000
3.833333
5.666667
5.835000
3.695000
4.221667
3.860000
3.473333
4.026667
4.000000
3.776667
3.055000
2.970000
3.943333
5.083333
5.973333
6.530000
4.583333
2.695000
1.916667
1.583333
0.723333
0.611667
0.943333
1.500000
3.055000
5.611667
5.751667
4.055000
3.693333
3.390000
3.555000
3.140000
3.500000
3.361667
2.973333
3.085000
3.778333
4.833333
6.835000
6.583333
4.388333
2.530000
2.000000
1.943333
1.111667
1.111667
1.666667
1.555000
3.111667
6.166667
6.193333
4.166667
3.778333
3.581667
3.750000
3.668333
3.640000
4.140000
3.750000
3.111667
3.221667
4.250000
6.056667
5.553333
3.751667
2.583333
2.750000
1.833333
1.026667
1.000000
1.278333
1.416667
2.026667
2.250000
4.611667
5.473333
6.445000
5.805000
5.026667
4.471667
4.695000
4.473333
4.416667
4.446667
4.250000
4.221667
5.085000
4.250000
3.528333
2.555000
2.610000
1.888333
1.415000
1.111667
0.668333
1.001667
1.750000
1.720000
3.636667
4.525000
6.333333
6.361667
5.581667
4.861667
4.305000
4.303333
4.333333
4.250000
3.943333
4.916667
5.055000
5.110000
4.191667
3.055000
2.473333
1.971667
1.110000
0.943333
1.416667
1.638333
2.248333
2.556667
3.640000
4.166667
5.471667
5.916667
5.110000
4.803333
4.971667
4.445000
4.251667
4.666667
4.441667
5.166667
7.475000
6.946667
4.668333
2.696667
1.971667
1.585000
0.915000
0.971667
1.361667
1.803333
3.693333
5.943333
5.778333
3.695000
3.555000
3.250000
3.280000
3.278333
3.530000
3.388333
3.085000
2.863333
3.471667
4.363333
6.553333
6.638333
4.748333
2.888333
1.665000
1.611667
0.863333
0.890000
1.390000
1.445000
3.640000
5.945000
5.805000
3.526667
3.141667
3.278333
3.165000
3.360000
3.528333
3.696667
3.306667
3.053333
4.055000
4.276667
6.748333
7.471667
5.165000
2.751667
2.166667
1.721667
0.918333
0.805000
0.973333
1.581667
3.553333
6.000000
6.331667
10.000000
3.723333
3.526667
3.111667
3.723333
3.721667
3.361667
2.721667
3.250000
3.890000
4.361667
7.220000
7.388333
4.835000
3.110000
1.918333
1.748333
0.888333
0.890000
1.416667
1.610000
4.278333
7.110000
7.695000
4.638333
4.140000
4.193333
3.360000
3.083333
3.556667
3.916667
4.001667
3.748333
4.418333
5.053333
6.526667
5.835000
4.278333
2.556667
2.748333
1.858333
0.945000
0.973333
1.278333
1.333333
2.305000
2.835000
4.723333
5.971667
6.666667
7.165000
5.555000
5.303333
5.358333
5.640000
4.611667
4.721667
5.055000
4.778333
5.110000
5.556667
4.083333
2.195000
2.248333
1.971667
1.220000
1.081667
0.835000
1.163333
2.138333
1.803333
3.053333
3.695000
5.110000
6.693333
6.083333
5.000000
4.780000
4.306667
3.971667
3.945000
4.526667
4.555000
4.973333
4.890000
4.001667
2.416667
1.778333
1.528333
0.636667
0.806667
1.390000
1.638333
3.693333
5.971667
5.945000
3.723333
3.530000
3.416667
3.305000
3.251667
3.583333
3.556667
2.890000
2.611667
3.193333
3.778333
5.970000
5.916667
4.528333
2.581667
1.945000
1.805000
0.971667
0.945000
1.501667
1.693333
3.971667
6.026667
5.195000
3.473333
3.111667
2.918333
2.721667
3.030000
3.611667
3.166667
2.861667
2.946667
3.193333
4.250000
6.388333
6.805000
5.168333
2.666667
1.970000
1.583333
0.833333
0.861667
1.445000
1.886667
4.113333
5.888333
5.583333
3.556667
2.916667
3.085000
2.723333
2.971667
3.360000
3.193333
3.138333
3.193333
3.501667
4.055000
5.943333
6.305000
5.085000
2.945000
2.083333
1.611667
0.750000
0.611667
0.805000
1.751667
3.971667
5.916667
5.693333
3.636667
3.333333
3.166667
3.053333
2.945000
3.473333
3.195000
2.778333
3.026667
3.613333
4.000000
6.525000
7.085000
4.723333
2.725000
2.026667
1.750000
0.888333
0.860000
1.526667
1.916667
3.970000
6.138333
5.861667
3.915000
3.973333
4.000000
3.611667
3.750000
3.501667
3.363333
3.195000
3.610000
4.028333
3.638333
5.111667
5.611667
4.110000
2.553333
2.500000
2.000000
0.945000
0.835000
1.391667
1.556667
2.473333
2.583333
4.276667
5.526667
6.140000
5.471667
4.388333
4.945000
5.168333
4.418333
3.613333
3.528333
3.943333
4.056667
5.083333
5.471667
5.110000
3.720000
2.805000
2.361667
1.140000
0.751667
0.611667
1.170000
2.250000
1.998333
3.361667
4.221667
6.276667
6.776667
5.306667
5.666667
5.306667
5.000000
4.501667
4.333333
4.416667
4.446667
6.583333
6.028333
4.333333
2.471667
2.000000
1.750000
1.030000
0.890000
1.693333
1.778333
3.695000
5.585000
5.305000
3.833333
3.638333
3.831667
3.303333
3.028333
3.581667
3.665000
3.331667
3.165000
3.390000
3.833333
5.635000
6.113333
4.861667
2.751667
1.918333
1.831667
0.860000
0.695000
1.276667
1.583333
4.055000
5.973333
6.085000
3.945000
3.165000
3.055000
3.916667
3.278333
3.528333
3.723333
3.360000
3.250000
3.278333
4.026667
6.388333
6.471667
4.861667
2.805000
2.165000
1.721667
1.026667
1.001667
1.390000
2.000000
4.083333
5.916667
5.776667
3.636667
4.390000
4.085000
3.081667
2.916667
3.140000
3.275000
3.053333
3.553333
3.276667
3.693333
6.195000
6.360000
5.000000
2.945000
2.026667
1.610000
0.805000
0.806667
1.028333
1.615000
3.918333
5.305000
6.000000
4.110000
3.446667
3.335000
2.918333
2.918333
3.666667
4.166667
3.473333
3.165000
3.110000
3.248333
6.195000
6.335000
4.000000
2.861667
2.195000
1.583333
1.080000
1.001667
1.473333
1.806667
3.805000
5.695000
6.251667
4.083333
4.166667
3.861667
3.441667
3.470000
3.888333
4.138333
3.640000
3.721667
3.528333
3.971667
5.666667
5.806667
3.776667
2.636667
2.666667
1.806667
0.998333
0.971667
1.388333
1.640000
2.776667
2.526667
4.776667
5.858333
6.416667
5.695000
4.750000
4.806667
4.638333
4.528333
4.221667
4.221667
4.388333
4.001667
4.945000
5.611667
3.528333
2.390000
2.638333
1.833333
1.335000
1.026667
0.638333
0.973333
2.250000
1.556667
3.441667
4.413333
6.085000
7.418333
7.360000
6.333333
5.026667
4.276667
3.971667
3.975000
4.973333
4.831667
6.528333
7.026667
4.721667
2.558333
2.250000
1.805000
1.083333
1.053333
1.556667
1.973333
3.918333
5.555000
5.638333
3.890000
4.361667
3.778333
3.890000
3.361667
3.836667
4.113333
3.890000
3.166667
3.835000
3.806667
6.358333
5.720000
4.278333
3.165000
1.945000
1.526667
0.721667
0.808333
1.331667
1.750000
3.806667
5.195000
5.528333
3.331667
3.223333
3.026667
3.026667
3.028333
3.223333
3.640000
3.110000
3.138333
3.608333
4.248333
6.305000
6.973333
5.056667
3.111667
2.220000
1.610000
0.916667
0.973333
1.471667
1.776667
4.110000
5.778333
6.335000
4.165000
3.916667
3.388333
3.473333
3.471667
3.445000
3.695000
3.693333
3.805000
4.140000
3.750000
6.528333
7.415000
5.168333
3.306667
2.166667
1.943333
0.806667
0.748333
1.278333
1.501667
3.418333
5.751667
5.998333
3.971667
3.750000
3.388333
3.223333
3.333333
3.945000
3.778333
3.668333
4.026667
4.331667
5.140000
7.805000
7.360000
6.055000
3.390000
2.585000
1.581667
1.028333
0.943333
1.555000
1.750000
3.721667
6.026667
6.306667
4.083333
4.110000
4.111667
3.636667
3.971667
3.776667
4.195000
3.861667
4.055000
4.528333
4.110000
5.611667
5.693333
4.305000
2.915000
2.666667
2.055000
1.166667
1.030000
1.473333
1.416667
2.306667
2.333333
3.888333
5.053333
6.166667
6.613333
6.750000
7.501667
5.888333
4.803333
4.276667
5.278333
5.863333
5.918333
6.556667
3.833333
3.113333
2.026667
2.305000
2.695000
2.251667
1.888333
1.083333
1.030000
1.390000
1.470000
2.473333
3.250000
5.331667
6.638333
8.721667
7.693333
5.945000
4.306667
3.416667
3.805000
4.445000
5.166667
7.166667
7.250000
4.888333
3.306667
2.946667
1.863333
1.335000
1.083333
1.528333
1.445000
3.418333
5.168333
5.223333
3.998333
4.861667
4.665000
4.806667
5.081667
4.220000
3.861667
3.806667
3.748333
4.055000
4.500000
6.191667
7.220000
5.388333
3.111667
2.555000
2.140000
0.860000
0.888333
1.333333
1.140000
3.416667
5.085000
5.445000
4.471667
3.610000
3.611667
3.638333
4.388333
3.806667
4.278333
3.555000
3.668333
4.276667
5.195000
6.750000
7.223333
6.083333
3.610000
3.278333
2.665000
1.665000
1.750000
2.305000
2.055000
4.166667
6.056667
6.055000
4.916667
4.501667
4.001667
3.721667
3.835000
4.500000
3.946667
3.443333
4.030000
4.363333
5.056667
7.000000
6.723333
4.555000
2.886667
3.446667
1.916667
1.028333
1.110000
1.668333
1.583333
3.306667
4.751667
5.331667
4.498333
4.028333
3.945000
4.195000
3.805000
3.861667
3.916667
3.778333
3.778333
4.221667
4.055000
6.111667
6.861667
5.528333
3.611667
3.026667
2.085000
0.916667
0.860000
1.748333
1.498333
2.638333
4.945000
5.945000
5.026667
4.941667
4.945000
4.140000
4.223333
4.360000
4.165000
3.943333
4.083333
4.471667
5.028333
6.025000
7.276667
4.803333
2.636667
2.863333
2.305000
1.305000
1.221667
1.583333
1.308333
2.500000
2.416667
3.971667
10.000000
6.083333
6.470000
6.193333
4.638333
4.500000
4.138333
3.916667
3.723333
4.556667
4.443333
5.776667
5.946667
3.723333
2.195000
2.750000
2.388333
1.555000
1.193333
0.778333
0.806667
2.165000
2.083333
3.305000
4.026667
5.166667
5.526667
4.610000
4.473333
3.890000
3.780000
3.695000
3.723333
3.553333
4.083333
3.860000
3.860000
3.191667
2.998333
2.611667
1.945000
0.945000
1.025000
1.720000
1.695000
3.471667
4.640000
5.140000
4.361667
4.111667
3.776667
3.666667
3.666667
3.861667
4.555000
3.753333
3.446667
3.028333
3.195000
4.721667
5.473333
4.833333
3.000000
2.501667
1.695000
0.943333
0.915000
1.611667
1.193333
3.278333
4.721667
4.805000
4.141667
4.000000
3.638333
3.583333
3.610000
4.388333
3.998333
3.860000
3.611667
3.748333
3.695000
5.998333
6.553333
5.443333
3.471667
2.805000
1.833333
0.918333
0.888333
1.610000
1.585000
3.920000
5.028333
5.141667
4.360000
4.193333
3.473333
3.475000
3.748333
4.360000
4.250000
4.056667
4.113333
4.056667
4.083333
5.223333
6.611667
5.333333
3.026667
2.583333
1.861667
0.916667
0.861667
1.555000
1.276667
3.638333
5.221667
5.418333
4.305000
3.945000
3.861667
3.750000
3.331667
3.360000
3.695000
2.973333
3.555000
3.640000
3.916667
5.446667
5.445000
4.000000
2.640000
2.693333
1.888333
1.331667
1.165000
1.831667
1.750000
3.500000
4.748333
5.471667
4.581667
4.223333
3.888333
3.916667
3.998333
4.055000
3.888333
4.053333
4.166667
4.276667
4.528333
5.276667
5.335000
4.055000
2.833333
3.193333
2.195000
1.223333
1.000000
1.528333
1.305000
2.750000
2.833333
4.223333
4.471667
5.526667
5.388333
4.945000
4.361667
4.166667
4.250000
4.001667
3.971667
3.945000
3.446667
4.195000
5.723333
4.220000
2.303333
2.556667
2.138333
1.696667
1.195000
0.640000
0.916667
2.418333
1.723333
2.971667
3.721667
5.636667
6.030000
5.861667
5.611667
3.998333
4.026667
3.860000
4.083333
4.725000
4.610000
4.918333
6.390000
4.416667
3.250000
3.028333
1.943333
1.081667
1.110000
1.720000
1.526667
3.723333
4.915000
5.081667
4.555000
5.473333
4.806667
4.138333
3.971667
4.610000
4.360000
4.280000
3.778333
3.833333
4.056667
5.083333
6.971667
5.388333
3.331667
2.611667
1.973333
0.888333
0.831667
1.581667
1.555000
3.750000
5.528333
4.916667
4.221667
3.971667
3.693333
3.168333
3.361667
3.695000
4.471667
3.888333
3.611667
4.056667
4.278333
6.361667
7.415000
5.360000
3.360000
3.055000
2.026667
1.416667
1.416667
1.890000
1.750000
4.471667
5.276667
5.665000
4.915000
4.526667
4.055000
4.471667
3.888333
3.835000
3.998333
3.276667
3.638333
4.166667
3.805000
5.778333
6.526667
5.083333
3.305000
2.888333
2.085000
0.890000
0.805000
1.471667
1.556667
4.000000
5.250000
5.306667
4.528333
4.636667
4.445000
3.836667
3.251667
3.335000
3.888333
3.528333
3.303333
3.915000
4.140000
5.638333
6.500000
4.831667
3.221667
2.695000
1.916667
1.276667
1.166667
1.833333
1.861667
3.528333
5.110000
5.581667
4.416667
4.251667
4.471667
4.193333
3.833333
4.558333
5.028333
4.528333
4.196667
4.333333
4.388333
5.306667
6.223333
4.973333
3.001667
3.028333
2.140000
1.111667
1.000000
1.500000
1.223333
2.471667
2.335000
3.778333
4.665000
5.806667
5.916667
4.916667
4.610000
4.416667
4.250000
3.860000
4.081667
4.390000
3.943333
4.500000
4.333333
3.498333
2.416667
2.695000
2.360000
1.611667
1.053333
0.723333
0.806667
2.251667
1.860000
3.193333
4.498333
5.583333
6.223333
5.526667
5.418333
4.973333
4.113333
3.638333
3.583333
4.750000
4.388333
5.221667
5.360000
4.081667
2.805000
3.110000
2.278333
1.361667
1.361667
2.111667
2.416667
4.280000
5.305000
5.193333
5.055000
4.971667
4.306667
3.723333
3.636667
3.973333
4.223333
3.748333
3.835000
4.140000
4.446667
6.056667
7.083333
4.833333
2.971667
2.806667
2.026667
0.918333
0.998333
1.778333
1.248333
3.526667
5.140000
4.721667
4.108333
4.333333
3.998333
3.806667
3.778333
3.831667
4.055000
3.860000
3.445000
3.833333
4.666667
6.110000
6.776667
4.776667
2.945000
2.945000
2.026667
1.000000
1.000000
1.888333
1.860000
3.918333
4.666667
5.388333
4.443333
4.470000
4.113333
3.583333
3.693333
3.723333
4.223333
3.973333
4.416667
4.833333
4.945000
6.723333
7.056667
4.916667
3.221667
3.500000
2.083333
1.331667
1.250000
1.750000
1.473333
3.750000
5.000000
5.166667
4.361667
5.306667
4.721667
3.861667
4.278333
5.248333
4.195000
4.168333
3.973333
4.388333
4.553333
6.305000
7.250000
5.276667
3.415000
3.640000
2.693333
1.388333
1.501667
2.113333
2.276667
3.721667
5.110000
5.470000
4.888333
5.611667
4.890000
4.193333
4.473333
4.170000
4.030000
4.555000
3.998333
4.638333
5.083333
6.443333
6.665000
5.026667
3.445000
3.441667
2.335000
1.555000
1.471667
2.085000
1.555000
3.000000
2.971667
4.390000
4.780000
6.445000
5.831667
5.055000
4.833333
4.833333
5.001667
4.335000
4.276667
4.250000
3.916667
4.055000
3.916667
3.306667
2.360000
2.360000
2.001667
1.445000
1.193333
0.860000
1.085000
2.500000
2.416667
3.665000
3.723333
6.250000
7.028333
5.831667
5.056667
4.833333
3.971667
3.803333
3.276667
3.333333
3.945000
5.280000
6.333333
4.555000
3.113333
2.473333
1.445000
1.001667
0.971667
1.526667
1.693333
3.418333
4.583333
5.111667
4.445000
4.721667
4.471667
3.638333
3.138333
3.306667
3.471667
3.136667
3.333333
3.611667
3.610000
5.056667
5.445000
5.083333
2.721667
2.390000
1.636667
1.056667
0.916667
1.471667
1.248333
3.416667
4.750000
4.388333
3.891667
4.110000
3.473333
3.276667
3.473333
3.528333
3.693333
3.138333
3.333333
3.693333
4.776667
5.220000
6.388333
3.948333
2.446667
2.748333
1.943333
1.000000
0.861667
1.610000
1.750000
3.500000
4.638333
4.693333
3.833333
4.721667
4.111667
3.611667
3.446667
3.556667
3.640000
3.053333
3.636667
4.111667
4.306667
5.750000
5.946667
4.668333
2.916667
2.861667
1.860000
1.111667
0.890000
1.418333
1.415000
3.360000
4.805000
4.470000
3.973333
4.890000
4.306667
3.416667
3.415000
3.805000
3.666667
3.555000
4.553333
3.831667
4.585000
5.861667
6.220000
4.278333
2.555000
2.888333
2.111667
1.110000
1.108333
1.776667
1.776667
2.913333
4.251667
4.668333
4.000000
5.111667
4.611667
4.111667
3.611667
3.443333
3.553333
3.861667
3.166667
4.055000
4.528333
5.750000
6.111667
3.388333
2.388333
3.028333
2.278333
1.691667
1.165000
1.581667
1.471667
2.443333
2.361667
4.166667
5.028333
7.028333
7.278333
6.556667
5.640000
4.915000
4.526667
3.998333
4.720000
5.083333
4.528333
5.611667
5.556667
3.331667
2.306667
2.668333
2.111667
1.526667
0.971667
0.806667
0.751667
2.166667
1.945000
3.166667
3.638333
5.916667
7.028333
6.583333
5.000000
4.111667
4.055000
3.416667
3.166667
3.750000
4.001667
5.860000
5.723333
4.498333
2.803333
2.610000
1.918333
1.000000
0.971667
1.638333
1.831667
3.360000
4.028333
4.166667
4.055000
4.443333
5.166667
4.333333
3.581667
3.638333
3.806667
3.776667
3.833333
3.556667
4.415000
5.611667
5.890000
4.806667
2.916667
3.221667
2.081667
1.555000
1.140000
1.890000
1.500000
3.303333
4.390000
4.113333
10.000000
5.250000
4.416667
3.723333
3.388333
3.526667
3.610000
3.556667
3.443333
4.276667
4.193333
5.973333
7.085000
5.000000
2.943333
2.945000
2.166667
1.085000
0.918333
1.581667
1.780000
3.668333
4.225000
4.666667
4.833333
4.860000
4.668333
4.276667
3.860000
4.000000
3.806667
3.721667
3.640000
3.750000
4.805000
5.583333
6.026667
5.166667
2.805000
2.916667
2.085000
1.110000
0.831667
1.388333
1.250000
3.166667
4.333333
4.528333
4.081667
4.471667
4.195000
3.666667
3.668333
3.721667
3.915000
3.916667
3.526667
3.723333
3.916667
5.941667
5.636667
4.140000
2.613333
2.751667
1.886667
1.055000
0.971667
1.555000
1.638333
2.666667
3.803333
4.195000
3.945000
5.638333
4.303333
3.500000
3.221667
3.418333
3.500000
3.888333
4.195000
4.168333
3.695000
5.111667
5.776667
3.890000
2.693333
3.085000
2.250000
1.335000
0.998333
1.666667
1.276667
2.360000
2.248333
4.000000
4.695000
5.971667
5.693333
5.250000
3.861667
3.666667
3.886667
4.055000
3.416667
4.695000
4.360000
4.526667
4.553333
3.388333
2.581667
2.501667
2.140000
1.971667
1.303333
0.753333
1.030000
2.253333
1.860000
2.971667
3.641667
4.808333
5.805000
5.860000
4.720000
4.278333
4.000000
3.528333
3.556667
3.861667
4.195000
4.916667
5.000000
4.195000
2.611667
2.666667
1.500000
1.055000
1.081667
1.553333
1.556667
2.973333
2.886667
2.916667
2.860000
3.971667
3.890000
3.803333
3.833333
3.583333
3.723333
3.138333
3.331667
4.500000
3.721667
4.750000
4.803333
3.640000
2.140000
2.333333
1.668333
0.945000
0.720000
1.278333
1.110000
2.806667
4.221667
3.471667
3.443333
3.916667
4.140000
2.891667
3.335000
3.250000
3.778333
4.001667
3.555000
4.223333
3.555000
4.833333
5.168333
3.723333
1.973333
2.501667
1.721667
0.973333
0.805000
1.471667
1.416667
2.913333
3.500000
3.611667
3.250000
4.193333
3.751667
3.526667
3.583333
3.555000
3.390000
3.000000
3.193333
3.165000
4.193333
5.223333
4.776667
3.973333
2.390000
2.668333
1.693333
1.113333
0.780000
1.528333
1.305000
3.055000
3.446667
3.916667
3.971667
3.861667
3.833333
3.443333
3.083333
3.111667
3.276667
3.138333
3.028333
4.028333
3.751667
4.723333
5.638333
3.556667
2.223333
2.751667
1.806667
0.890000
0.833333
1.611667
1.445000
2.333333
3.530000
5.333333
3.861667
4.333333
4.223333
3.611667
2.971667
3.056667
3.445000
3.693333
3.165000
3.861667
4.613333
5.418333
4.805000
3.360000
2.193333
2.583333
2.081667
1.388333
0.808333
1.528333
1.166667
2.196667
1.998333
2.916667
3.890000
4.890000
4.943333
4.526667
4.500000
3.778333
3.555000
3.195000
3.140000
3.725000
4.001667
5.028333
4.835000
3.223333
2.026667
2.443333
1.806667
1.498333
1.195000
0.808333
0.806667
1.971667
1.863333
3.026667
3.498333
5.250000
5.250000
4.556667
4.388333
4.165000
3.221667
2.720000
2.945000
3.751667
3.501667
4.610000
4.471667
3.250000
2.193333
2.611667
1.890000
0.888333
0.806667
1.500000
1.666667
2.723333
2.806667
3.223333
3.471667
4.666667
4.333333
3.415000
2.888333
3.083333
3.168333
2.806667
2.833333
3.055000
4.001667
5.750000
5.611667
3.831667
2.360000
2.610000
1.665000
1.001667
0.721667
1.333333
0.916667
2.501667
2.806667
3.056667
3.195000
4.108333
4.028333
3.445000
3.498333
3.388333
3.446667
3.390000
3.525000
3.248333
3.721667
4.696667
4.751667
3.388333
2.193333
2.666667
1.640000
1.081667
0.943333
1.471667
1.416667
2.278333
1.970000
2.998333
3.418333
5.500000
4.973333
3.861667
3.471667
3.500000
3.165000
2.391667
2.583333
3.220000
3.721667
5.028333
4.945000
3.278333
2.248333
2.528333
1.528333
1.001667
0.666667
1.305000
0.973333
2.416667
2.583333
3.361667
3.250000
3.750000
3.583333
3.358333
3.501667
3.388333
3.165000
2.750000
2.805000
3.223333
3.168333
4.000000
4.498333
3.026667
2.140000
2.723333
1.778333
0.863333
0.806667
1.638333
1.610000
2.306667
4.640000
4.528333
4.111667
5.583333
4.305000
4.083333
3.805000
3.335000
3.111667
3.165000
3.110000
3.390000
3.833333
4.720000
4.833333
3.861667
2.056667
2.305000
2.278333
1.083333
0.806667
1.333333
0.943333
1.973333
2.026667
3.195000
3.886667
4.835000
4.695000
3.915000
3.638333
4.055000
3.390000
3.138333
3.361667
3.333333
4.026667
4.695000
4.416667
3.166667
2.361667
2.611667
1.666667
1.278333
0.861667
0.583333
0.860000
2.083333
1.861667
3.083333
3.193333
4.693333
5.748333
5.193333
4.083333
3.638333
3.193333
3.085000
3.306667
3.723333
3.610000
4.748333
5.055000
4.000000
2.640000
2.666667
1.890000
0.973333
0.916667
1.610000
1.750000
2.861667
3.028333
3.360000
3.860000
4.835000
4.251667
3.833333
3.278333
3.778333
4.473333
3.945000
3.028333
3.750000
4.555000
5.665000
5.443333
4.136667
2.473333
2.778333
1.833333
1.110000
0.780000
1.250000
1.111667
2.638333
3.250000
3.555000
3.693333
4.335000
4.556667
3.751667
2.890000
3.416667
3.693333
4.110000
3.525000
3.305000
3.611667
4.835000
5.363333
4.361667
2.556667
2.555000
2.110000
0.916667
0.778333
1.555000
1.500000
2.575000
2.943333
3.945000
4.026667
4.471667
5.278333
4.360000
3.998333
3.778333
3.751667
3.971667
4.581667
5.250000
4.445000
5.193333
4.858333
4.305000
2.416667
2.778333
1.831667
1.000000
0.721667
1.388333
1.306667
2.611667
3.136667
3.803333
3.306667
5.031667
4.305000
3.528333
3.111667
3.195000
3.555000
3.445000
3.528333
4.055000
4.140000
6.221667
5.556667
3.721667
2.278333
2.750000
2.223333
1.191667
0.888333
1.583333
1.693333
2.363333
3.333333
4.888333
4.500000
5.305000
5.223333
4.000000
3.915000
3.498333
3.305000
3.056667
3.418333
3.750000
3.666667
4.805000
4.778333
3.443333
2.553333
2.388333
1.835000
1.138333
0.721667
1.500000
1.193333
2.278333
1.888333
2.750000
3.333333
5.055000
6.085000
5.166667
3.971667
3.918333
3.945000
3.390000
3.305000
4.081667
4.831667
4.888333
4.500000
2.973333
2.058333
2.166667
2.110000
1.640000
1.085000
0.695000
0.780000
2.111667
1.473333
2.251667
3.055000
4.721667
5.250000
5.446667
4.943333
3.890000
3.750000
3.721667
3.723333
4.583333
4.053333
4.613333
5.168333
4.473333
3.111667
2.471667
1.636667
1.111667
0.998333
1.945000
2.000000
3.306667
4.000000
4.195000
4.583333
4.833333
4.666667
4.083333
3.833333
4.000000
3.970000
3.638333
3.945000
4.140000
4.195000
4.918333
5.860000
4.251667
2.776667
2.721667
1.611667
1.113333
0.916667
1.388333
1.140000
2.613333
3.698333
3.946667
4.000000
4.610000
4.528333
3.528333
3.500000
3.693333
3.581667
3.636667
3.441667
3.693333
3.445000
4.583333
5.278333
4.363333
2.553333
2.638333
1.943333
1.221667
0.946667
1.610000
1.693333
3.055000
4.000000
4.250000
4.165000
5.166667
4.833333
4.806667
3.723333
3.415000
4.055000
3.751667
3.750000
3.945000
3.945000
5.471667
5.306667
3.916667
2.888333
2.805000
2.028333
1.306667
0.861667
1.391667
1.113333
2.778333
3.333333
3.778333
3.778333
4.446667
4.001667
3.721667
3.168333
3.166667
3.443333
3.223333
3.250000
2.888333
3.251667
3.890000
4.666667
3.528333
2.333333
2.388333
1.443333
0.778333
0.753333
1.583333
1.750000
3.388333
3.583333
3.945000
10.000000
4.693333
5.083333
3.583333
3.221667
4.251667
4.390000
3.666667
3.695000
3.778333
3.416667
3.916667
4.418333
3.191667
2.303333
2.666667
1.665000
1.223333
0.918333
1.445000
1.085000
2.026667
2.081667
3.028333
3.668333
5.251667
5.640000
5.001667
4.250000
3.970000
4.026667
3.555000
3.500000
3.221667
3.390000
3.915000
3.915000
2.776667
1.945000
2.361667
1.973333
1.335000
0.890000
0.583333
0.861667
2.083333
1.583333
2.360000
3.585000
5.308333
6.138333
5.945000
4.860000
4.388333
3.416667
3.556667
3.528333
3.833333
4.165000
4.861667
4.806667
3.221667
2.501667
2.333333
1.583333
0.971667
0.916667
1.638333
1.611667
3.221667
4.611667
4.113333
4.500000
4.695000
4.195000
3.693333
3.610000
3.776667
4.528333
3.778333
3.303333
3.528333
3.500000
5.251667
6.000000
4.498333
2.638333
2.525000
1.805000
1.056667
0.693333
1.415000
1.415000
3.055000
5.390000
4.140000
3.638333
4.331667
4.390000
3.473333
3.083333
3.806667
3.695000
3.388333
3.443333
3.916667
3.863333
5.195000
5.776667
4.195000
2.638333
2.471667
1.475000
0.973333
0.778333
1.500000
1.443333
3.220000
4.221667
4.528333
4.333333
4.528333
4.415000
3.721667
3.498333
3.608333
3.916667
3.696667
3.196667
3.471667
3.860000
4.861667
5.361667
4.196667
2.611667
2.500000
1.583333
1.081667
0.638333
1.221667
1.333333
3.193333
4.471667
4.248333
3.696667
4.473333
4.306667
3.418333
3.360000
3.581667
3.945000
3.723333
3.638333
3.555000
4.223333
5.500000
5.693333
4.083333
2.778333
2.973333
1.556667
0.861667
0.725000
1.390000
1.585000
2.723333
4.278333
4.611667
3.863333
5.445000
4.583333
3.888333
3.941667
4.390000
4.193333
4.166667
3.750000
3.750000
4.611667
5.361667
4.915000
3.195000
2.248333
2.695000
2.083333
1.335000
0.971667
1.361667
1.250000
2.333333
2.138333
3.526667
4.195000
5.861667
5.805000
5.556667
4.861667
4.556667
4.276667
3.915000
3.666667
4.831667
3.831667
4.721667
3.945000
3.111667
2.113333
2.388333
1.833333
1.553333
0.971667
0.555000
0.806667
2.026667
1.665000
2.691667
4.000000
5.973333
6.196667
6.305000
5.111667
4.500000
4.223333
4.193333
4.388333
4.526667
4.471667
5.668333
5.333333
3.608333
2.470000
2.553333
1.500000
1.056667
0.891667
1.390000
1.721667
3.113333
3.586667
4.030000
3.748333
4.805000
4.555000
4.585000
4.083333
4.028333
4.223333
3.973333
3.611667
3.445000
3.665000
4.831667
4.721667
3.416667
2.081667
2.721667
1.971667
1.248333
0.998333
1.306667
0.973333
1.471667
2.110000
3.083333
4.390000
6.696667
7.223333
6.358333
5.360000
5.170000
4.473333
3.751667
3.445000
4.111667
4.193333
5.638333
6.140000
4.111667
2.581667
2.251667
1.666667
1.001667
0.971667
1.221667
1.636667
3.721667
5.806667
6.000000
3.583333
4.025000
3.748333
3.193333
3.668333
3.805000
3.751667
3.085000
3.416667
3.833333
3.888333
5.583333
5.470000
4.223333
2.500000
2.250000
1.668333
1.360000
1.195000
1.583333
1.445000
3.556667
5.778333
5.335000
3.470000
3.945000
4.083333
3.195000
3.165000
3.223333
3.470000
3.166667
2.861667
3.695000
4.331667
5.916667
5.805000
4.361667
2.805000
2.361667
1.721667
0.805000
0.890000
1.500000
2.000000
3.613333
5.083333
5.250000
3.833333
4.945000
4.000000
3.221667
3.248333
3.693333
3.805000
3.608333
3.611667
3.360000
3.915000
5.470000
5.473333
3.833333
2.500000
2.638333
1.638333
1.166667
0.973333
1.361667
1.028333
1.750000
2.138333
3.831667
4.776667
6.361667
6.280000
5.195000
5.055000
5.055000
4.556667
4.418333
4.111667
4.500000
3.971667
4.443333
3.803333
2.945000
2.166667
2.445000
2.165000
1.636667
1.138333
0.751667
0.888333
2.140000
1.695000
2.833333
3.888333
6.361667
7.056667
6.583333
5.835000
4.696667
4.585000
4.085000
3.890000
3.915000
4.693333
7.081667
5.861667
4.081667
2.750000
2.331667
1.805000
0.945000
0.805000
1.278333
1.528333
3.945000
5.556667
5.306667
3.641667
3.973333
4.138333
3.556667
3.390000
3.528333
3.751667
3.028333
3.001667
3.583333
3.861667
6.503333
5.723333
3.916667
2.471667
2.223333
1.611667
1.028333
0.778333
1.361667
1.276667
3.471667
5.695000
4.778333
3.081667
3.498333
3.611667
2.723333
3.026667
3.471667
3.666667
3.416667
2.861667
3.195000
4.471667
6.416667
5.970000
3.860000
2.306667
1.888333
1.335000
1.056667
1.083333
0.831667
1.416667
3.918333
5.833333
4.916667
3.333333
3.388333
3.443333
2.693333
2.610000
3.278333
3.138333
3.001667
2.888333
3.363333
3.556667
5.831667
5.501667
4.000000
2.416667
2.251667
1.610000
0.973333
0.833333
1.471667
1.443333
3.278333
5.471667
5.001667
3.526667
3.973333
3.886667
3.165000
3.028333
3.583333
3.445000
2.863333
2.415000
3.470000
3.693333
5.831667
5.806667
4.028333
2.221667
1.971667
1.305000
0.833333
0.750000
1.363333
1.611667
3.445000
5.386667
5.166667
3.695000
4.445000
3.751667
2.998333
3.081667
3.555000
3.916667
4.000000
3.445000
3.303333
3.555000
4.471667
4.193333
2.970000
2.056667
2.083333
1.445000
1.111667
0.886667
1.388333
1.250000
1.611667
1.970000
3.360000
4.750000
6.418333
5.751667
4.776667
4.583333
5.026667
4.416667
3.915000
4.000000
3.748333
3.416667
3.585000
3.640000
2.806667
2.000000
2.388333
2.000000
1.555000
1.195000
0.611667
0.750000
2.110000
1.553333
2.640000
3.528333
5.750000
6.275000
5.555000
5.221667
4.776667
3.861667
3.750000
3.666667
3.528333
3.693333
5.803333
5.581667
3.721667
2.388333
2.000000
1.583333
0.833333
0.835000
1.531667
1.585000
3.055000
4.501667
5.138333
4.388333
5.501667
4.971667
4.500000
3.945000
4.306667
4.275000
3.835000
3.195000
3.333333
4.026667
5.916667
5.640000
4.001667
2.445000
2.000000
1.416667
0.833333
0.803333
1.305000
1.193333
3.276667
6.580000
5.388333
3.610000
4.360000
3.831667
3.195000
3.278333
3.471667
3.415000
3.110000
3.026667
3.530000
3.611667
6.083333
5.860000
3.861667
2.221667
1.805000
1.610000
0.891667
0.831667
0.973333
1.500000
3.998333
5.748333
5.721667
3.640000
3.611667
3.558333
3.445000
3.471667
3.665000
3.471667
3.138333
2.750000
2.945000
3.778333
6.193333
5.805000
4.000000
2.416667
1.945000
1.668333
0.973333
0.780000
1.501667
1.111667
3.331667
5.608333
5.111667
3.471667
3.723333
3.390000
3.111667
3.028333
3.693333
3.748333
3.416667
2.640000
3.445000
4.166667
6.278333
5.136667
3.833333
2.470000
1.778333
1.303333
0.890000
0.835000
1.473333
1.613333
3.223333
5.111667
4.863333
3.390000
3.793333
3.545000
3.288333
3.221667
3.471667
3.695000
3.555000
3.193333
3.390000
3.083333
4.221667
4.248333
3.555000
2.501667
2.335000
1.500000
1.081667
0.941667
1.335000
1.056667
1.778333
1.945000
3.665000
4.611667
5.500000
5.221667
4.610000
4.193333
4.443333
4.026667
3.556667
3.416667
3.140000
3.250000
3.528333
3.918333
2.780000
2.028333
2.500000
1.666667
1.248333
2.723333
4.335000
2.280000
1.725000
1.500000
2.861667
10.000000
6.666667
7.166667
6.305000
5.250000
4.693333
4.111667
3.886667
3.610000
3.611667
3.945000
5.361667
4.943333
3.526667
2.331667
1.888333
1.585000
1.111667
0.835000
1.528333
1.221667
3.360000
5.390000
5.138333
3.386667
3.886667
3.971667
3.138333
3.473333
3.555000
3.388333
2.971667
2.946667
3.055000
3.416667
5.915000
5.501667
3.638333
2.305000
1.721667
1.556667
0.831667
0.581667
1.305000
1.390000
3.390000
5.360000
4.778333
3.225000
3.443333
3.721667
2.971667
2.971667
3.388333
3.583333
3.276667
2.918333
3.278333
3.611667
6.196667
5.748333
3.941667
2.611667
1.780000
1.500000
1.028333
0.835000
1.055000
1.331667
3.835000
5.528333
5.083333
3.443333
3.835000
3.778333
3.418333
3.308333
3.556667
3.778333
3.193333
2.860000
3.276667
3.583333
6.138333
5.501667
3.973333
2.056667
1.916667
1.416667
1.250000
0.806667
1.166667
1.278333
3.335000
6.028333
4.971667
3.471667
3.805000
3.750000
3.140000
3.000000
3.498333
3.445000
3.055000
2.860000
3.331667
3.610000
5.945000
5.056667
3.943333
2.250000
1.805000
1.391667
0.806667
0.751667
1.195000
1.418333
3.028333
5.445000
5.055000
3.335000
4.083333
3.668333
2.971667
3.166667
3.526667
3.780000
3.500000
3.776667
3.556667
3.833333
4.973333
4.221667
3.085000
2.055000
2.388333
1.778333
1.166667
0.778333
1.055000
1.110000
1.780000
2.250000
4.083333
5.278333
6.528333
6.000000
5.416667
4.611667
4.390000
4.666667
4.223333
4.030000
3.806667
3.915000
3.778333
3.415000
2.890000
2.085000
2.500000
1.890000
1.666667
1.221667
0.806667
1.000000
1.970000
2.055000
3.640000
4.860000
6.748333
6.666667
6.251667
5.613333
4.498333
3.833333
3.973333
4.333333
4.860000
4.973333
4.916667
4.473333
4.166667
2.723333
2.361667
1.890000
1.111667
1.193333
1.166667
1.526667
3.720000
5.776667
5.333333
3.610000
3.915000
3.776667
3.971667
3.416667
3.528333
3.278333
2.888333
2.918333
3.026667
4.026667
6.026667
5.473333
3.695000
2.445000
2.028333
1.750000
1.081667
0.833333
1.253333
1.140000
3.363333
5.333333
5.138333
3.553333
3.778333
3.308333
3.445000
3.416667
3.418333
3.583333
3.085000
3.140000
3.248333
4.498333
6.223333
6.110000
4.223333
2.446667
2.085000
1.805000
1.223333
1.055000
1.223333
1.805000
3.693333
5.636667
5.248333
3.583333
3.585000
3.501667
3.331667
3.083333
3.750000
3.470000
3.583333
3.223333
3.416667
4.138333
5.833333
5.806667
4.276667
2.306667
2.250000
1.695000
1.113333
0.808333
1.168333
1.363333
3.418333
5.168333
5.000000
3.750000
3.805000
3.553333
3.001667
3.085000
3.333333
3.473333
3.055000
2.971667
3.473333
3.750000
4.361667
4.275000
3.416667
2.055000
2.446667
1.666667
0.946667
0.806667
1.030000
1.251667
1.333333
1.750000
3.191667
4.361667
6.223333
5.888333
5.555000
5.001667
4.111667
4.223333
3.861667
3.138333
3.083333
3.443333
4.140000
3.998333
2.860000
2.030000
2.333333
1.946667
1.361667
1.250000
1.666667
1.416667
2.110000
2.305000
3.221667
4.638333
5.670000
5.611667
4.890000
4.250000
4.026667
4.248333
3.636667
3.223333
2.835000
2.888333
3.583333
3.640000
2.611667
2.001667
2.081667
1.666667
1.305000
0.890000
0.696667
0.750000
1.751667
1.636667
2.666667
3.778333
5.915000
6.306667
5.833333
5.085000
4.306667
4.083333
3.611667
3.446667
3.666667
3.583333
5.608333
5.250000
3.446667
2.193333
2.166667
1.638333
1.000000
1.028333
1.193333
1.751667
3.666667
5.611667
4.861667
3.668333
3.638333
3.776667
3.443333
3.443333
3.833333
3.583333
2.971667
3.333333
3.526667
3.750000
5.555000
5.611667
4.056667
2.001667
2.056667
1.751667
1.025000
0.695000
1.195000
1.306667
3.443333
5.331667
4.526667
3.473333
3.416667
3.140000
2.750000
3.166667
3.721667
3.555000
3.306667
2.863333
3.000000
4.168333
5.891667
5.138333
3.806667
2.416667
2.026667
1.528333
0.778333
0.780000
0.973333
1.471667
3.473333
5.445000
5.556667
3.723333
3.445000
3.583333
2.943333
3.055000
3.528333
3.863333
3.335000
2.860000
3.193333
3.945000
5.750000
5.500000
3.473333
2.056667
2.026667
1.888333
1.138333
0.946667
1.278333
1.390000
3.195000
5.250000
5.056667
3.973333
3.860000
4.028333
3.640000
3.778333
4.138333
3.471667
3.083333
3.083333
3.556667
3.973333
5.580000
5.221667
4.111667
2.195000
1.945000
1.503333
0.920000
0.808333
1.083333
1.583333
3.055000
5.055000
4.583333
3.668333
4.111667
3.780000
3.721667
3.666667
3.998333
4.165000
3.500000
3.778333
3.831667
4.085000
4.501667
4.166667
3.248333
2.085000
2.553333
1.695000
1.220000
0.863333
1.168333
1.085000
1.776667
2.166667
3.556667
4.973333
6.500000
6.361667
6.555000
5.556667
4.778333
4.638333
3.890000
3.888333
3.973333
3.695000
3.943333
4.083333
3.501667
2.168333
2.498333
1.888333
1.471667
0.973333
0.806667
0.835000
1.835000
1.555000
2.363333
4.056667
6.721667
7.611667
6.610000
5.746667
4.888333
4.388333
4.028333
3.860000
3.833333
3.863333
6.306667
5.278333
3.500000
2.055000
1.780000
1.581667
0.890000
0.863333
1.056667
1.723333
3.611667
5.028333
4.750000
3.608333
3.638333
3.833333
4.640000
3.280000
3.555000
3.748333
3.221667
2.803333
2.971667
3.386667
5.776667
5.360000
3.473333
2.110000
1.888333
1.585000
0.640000
0.696667
1.083333
1.223333
3.416667
5.140000
4.833333
3.776667
4.026667
3.721667
3.248333
3.305000
3.583333
3.833333
3.331667
3.388333
3.416667
3.526667
5.693333
5.028333
3.583333
2.333333
1.666667
1.583333
0.891667
0.971667
0.945000
1.390000
3.860000
5.528333
4.943333
3.501667
3.720000
4.110000
2.915000
3.333333
3.556667
3.583333
3.081667
2.861667
3.278333
4.330000
5.833333
5.556667
3.473333
2.195000
1.860000
1.503333
1.138333
0.835000
1.196667
1.195000
3.278333
5.140000
4.555000
3.611667
3.695000
3.695000
2.943333
2.971667
3.776667
3.695000
2.806667
2.806667
3.136667
3.806667
5.443333
5.053333
3.665000
2.250000
1.665000
1.390000
0.780000
0.751667
1.085000
1.610000
3.195000
4.918333
4.415000
3.358333
3.333333
4.388333
3.223333
3.390000
3.638333
3.805000
3.585000
3.166667
3.138333
3.526667
4.083333
4.110000
3.475000
2.363333
2.390000
1.613333
0.860000
0.696667
1.140000
1.138333
1.693333
2.276667
4.000000
5.083333
6.498333
5.418333
4.971667
4.581667
4.693333
4.666667
4.248333
4.221667
3.863333
3.835000
4.223333
4.000000
3.026667
2.026667
2.441667
2.001667
1.445000
0.888333
0.723333
0.778333
1.388333
1.388333
2.306667
3.806667
6.166667
7.363333
6.000000
5.581667
5.695000
4.721667
4.083333
3.863333
3.693333
3.556667
5.276667
5.611667
5.053333
3.165000
2.500000
1.888333
1.081667
0.888333
1.001667
1.221667
2.806667
5.445000
5.305000
3.971667
3.945000
4.305000
4.361667
3.665000
3.666667
3.666667
3.223333
2.721667
3.140000
3.388333
5.168333
4.750000
3.973333
1.916667
1.806667
1.803333
0.638333
1.026667
0.835000
1.528333
3.305000
5.360000
4.971667
3.776667
3.750000
3.418333
3.140000
3.138333
3.443333
3.640000
3.028333
3.335000
3.195000
4.001667
5.443333
4.971667
3.748333
2.030000
1.805000
1.528333
1.083333
1.058333
1.113333
1.721667
3.333333
5.250000
4.863333
10.000000
3.308333
3.251667
3.193333
2.920000
3.278333
3.721667
3.000000
3.000000
3.526667
3.360000
4.331667
3.611667
3.028333
2.110000
2.585000
1.916667
1.140000
1.278333
0.946667
1.390000
1.473333
1.445000
3.275000
4.860000
6.861667
7.640000
6.528333
5.890000
4.555000
4.305000
3.945000
3.416667
3.445000
3.611667
4.445000
4.000000
2.943333
2.056667
2.085000
1.611667
1.026667
1.085000
1.361667
1.001667
1.666667
3.111667
4.110000
4.721667
5.361667
4.778333
3.888333
3.916667
4.390000
3.861667
3.721667
3.611667
3.138333
3.138333
4.166667
3.500000
2.890000
1.833333
2.220000
1.693333
0.890000
1.251667
0.833333
1.390000
1.585000
1.806667
3.276667
4.555000
5.581667
5.303333
4.611667
4.333333
4.526667
4.583333
3.860000
3.831667
4.083333
3.471667
3.973333
3.748333
2.915000
2.030000
2.278333
1.833333
1.111667
0.805000
0.640000
1.306667
1.360000
1.636667
2.721667
3.806667
6.083333
6.276667
5.691667
5.470000
4.665000
4.165000
3.916667
3.553333
4.083333
3.998333
4.418333
4.416667
3.111667
2.166667
1.748333
1.390000
0.696667
1.030000
0.835000
1.305000
3.138333
5.110000
4.833333
3.888333
4.000000
3.471667
3.388333
3.833333
3.668333
3.388333
2.971667
2.695000
2.861667
3.695000
5.223333
5.028333
3.585000
2.000000
1.610000
1.666667
0.778333
1.110000
0.916667
1.416667
3.056667
5.001667
4.445000
3.223333
3.221667
2.941667
2.861667
3.333333
3.555000
3.333333
2.778333
2.750000
3.250000
3.890000
5.443333
5.083333
3.526667
2.223333
1.833333
1.501667
0.860000
0.833333
0.748333
1.443333
3.055000
5.026667
4.611667
3.361667
3.555000
3.026667
2.945000
2.945000
4.140000
5.026667
3.306667
3.140000
3.363333
3.775000
5.110000
4.946667
3.306667
2.278333
1.748333
1.888333
0.776667
0.750000
0.611667
1.305000
2.861667
4.860000
4.610000
3.611667
3.805000
3.306667
3.140000
3.445000
3.416667
3.250000
3.000000
2.778333
3.445000
3.638333
5.276667
4.890000
3.751667
1.943333
1.888333
1.361667
0.943333
0.753333
0.723333
1.220000
2.973333
5.276667
5.248333
3.581667
3.636667
3.473333
3.056667
3.056667
3.251667
3.388333
3.001667
2.861667
3.303333
3.416667
3.916667
4.085000
3.083333
1.860000
2.165000
1.611667
0.750000
0.750000
0.555000
1.193333
1.306667
1.806667
3.778333
4.776667
5.831667
5.248333
5.526667
5.253333
5.083333
4.611667
4.221667
3.805000
3.608333
2.778333
3.833333
3.305000
2.776667
2.030000
2.333333
1.945000
1.111667
0.610000
0.555000
1.111667
1.001667
1.195000
2.611667
3.778333
6.278333
6.610000
6.168333
5.388333
4.585000
4.196667
3.751667
3.666667
3.583333
4.110000
4.611667
4.556667
3.446667
1.973333
1.695000
1.498333
0.861667
0.611667
0.498333
1.333333
2.861667
5.026667
4.778333
4.083333
3.638333
3.581667
4.140000
3.721667
3.668333
3.556667
2.835000
2.721667
3.331667
3.555000
4.775000
4.778333
3.471667
1.971667
1.611667
1.278333
0.526667
0.693333
0.498333
1.445000
3.081667
5.028333
4.581667
3.331667
3.223333
3.390000
3.335000
3.140000
3.305000
3.166667
3.000000
2.581667
3.193333
3.305000
4.638333
4.445000
3.416667
1.776667
1.750000
1.723333
1.083333
0.555000
0.640000
1.471667
2.333333
3.028333
3.526667
4.028333
5.110000
4.806667
4.443333
4.138333
4.083333
4.140000
3.945000
3.858333
3.610000
4.056667
5.358333
5.555000
3.363333
1.863333
1.640000
1.580000
0.723333
0.806667
0.611667
1.333333
3.055000
5.111667
5.000000
3.831667
3.695000
3.471667
3.500000
3.585000
3.251667
3.388333
2.778333
2.835000
3.638333
3.611667
4.941667
4.831667
3.638333
1.943333
2.110000
1.361667
0.778333
0.581667
0.555000
0.973333
2.691667
4.860000
4.918333
3.638333
3.666667
3.693333
3.445000
3.195000
3.418333
3.556667
3.276667
3.056667
3.111667
3.331667
4.276667
4.168333
3.166667
2.250000
2.166667
1.583333
0.860000
0.945000
0.526667
1.250000
1.360000
2.026667
3.806667
4.751667
5.583333
5.361667
4.888333
4.665000
4.666667
4.473333
4.056667
3.500000
3.638333
3.140000
3.530000
3.165000
2.945000
1.776667
2.278333
1.971667
1.056667
0.668333
0.693333
1.220000
1.331667
1.555000
2.473333
3.583333
6.306667
6.945000
6.306667
5.751667
4.388333
3.860000
3.695000
3.668333
3.751667
3.888333
4.860000
4.750000
3.555000
2.000000
1.778333
1.610000
0.835000
0.526667
0.611667
1.390000
3.028333
5.473333
5.056667
3.306667
3.611667
3.751667
3.526667
3.583333
3.445000
3.278333
2.611667
2.585000
3.195000
3.723333
5.195000
5.250000
3.888333
1.835000
1.916667
1.500000
0.780000
0.975000
0.723333
1.556667
3.026667
5.025000
4.778333
3.526667
3.331667
2.890000
2.861667
3.056667
3.388333
3.471667
2.945000
2.776667
3.085000
3.445000
5.415000
5.191667
3.695000
1.998333
1.668333
1.556667
0.888333
0.555000
0.555000
1.500000
3.138333
5.140000
4.748333
3.360000
3.225000
3.306667
2.723333
2.943333
3.250000
3.168333
3.055000
2.751667
3.471667
4.000000
5.445000
5.026667
3.445000
2.083333
1.778333
1.498333
0.668333
0.750000
0.583333
1.390000
2.918333
4.805000
4.441667
3.388333
3.558333
3.390000
3.165000
3.278333
3.306667
3.528333
2.693333
2.751667
3.195000
3.276667
4.833333
4.668333
3.501667
1.945000
2.083333
1.335000
0.666667
0.583333
0.555000
0.973333
2.665000
5.000000
4.276667
3.721667
3.998333
3.721667
3.583333
3.221667
3.278333
3.776667
3.361667
3.138333
3.000000
3.305000
3.861667
3.640000
3.195000
2.113333
2.306667
1.973333
1.138333
0.778333
0.721667
1.361667
1.445000
1.696667
3.695000
4.861667
6.028333
5.776667
5.361667
4.971667
4.888333
4.390000
4.140000
4.141667
4.166667
3.221667
3.861667
3.668333
2.833333
2.110000
2.471667
1.805000
1.001667
0.778333
0.610000
1.195000
1.193333
1.528333
3.028333
4.776667
6.611667
6.946667
5.666667
4.693333
4.305000
4.113333
4.028333
3.918333
4.000000
4.111667
4.750000
4.500000
3.305000
2.280000
1.776667
1.473333
0.806667
0.610000
0.640000
1.528333
2.915000
5.030000
4.556667
3.665000
3.638333
3.415000
3.026667
3.196667
3.528333
3.361667
3.055000
2.860000
3.725000
3.693333
5.056667
5.110000
3.526667
2.030000
1.666667
1.750000
0.665000
0.526667
0.555000
1.361667
2.886667
4.805000
4.388333
3.138333
2.916667
3.221667
3.053333
2.860000
3.138333
3.276667
3.028333
3.055000
3.360000
3.943333
4.750000
4.916667
3.443333
1.971667
1.748333
1.360000
0.723333
0.470000
0.583333
1.473333
3.000000
5.136667
4.526667
3.443333
3.251667
2.833333
2.916667
3.280000
3.473333
3.668333
3.028333
2.916667
3.556667
3.946667
5.085000
5.388333
3.835000
2.056667
1.918333
1.833333
0.943333
0.723333
0.753333
1.693333
2.776667
4.888333
4.945000
3.748333
3.638333
3.860000
3.361667
3.390000
3.360000
3.583333
2.945000
3.113333
3.473333
3.556667
5.470000
5.081667
3.916667
2.221667
1.973333
1.498333
0.890000
0.751667
0.888333
1.113333
2.721667
5.276667
4.806667
10.000000
3.721667
3.498333
3.251667
3.473333
3.691667
3.723333
3.390000
3.306667
3.945000
3.193333
4.165000
3.943333
3.250000
1.971667
2.306667
1.696667
1.028333
0.725000
0.583333
1.333333
1.498333
1.971667
3.526667
4.970000
6.055000
5.971667
5.250000
4.585000
4.276667
4.611667
4.083333
3.805000
3.778333
3.276667
3.696667
3.556667
3.278333
2.140000
2.335000
2.055000
1.195000
0.943333
0.750000
1.390000
1.193333
1.420000
2.750000
4.223333
6.776667
6.915000
6.388333
5.083333
4.555000
4.470000
4.111667
3.776667
4.500000
4.000000
4.998333
4.971667
3.583333
1.946667
1.891667
1.666667
0.835000
0.723333
0.640000
1.665000
2.778333
4.471667
4.640000
3.556667
3.528333
3.806667
3.361667
3.666667
3.638333
3.695000
3.333333
2.526667
2.833333
3.415000
5.083333
5.333333
3.666667
1.945000
1.776667
1.498333
0.808333
0.640000
0.640000
1.501667
2.748333
4.695000
4.808333
3.611667
3.443333
3.665000
2.945000
3.276667
3.638333
3.473333
2.805000
3.083333
3.443333
3.415000
5.388333
5.305000
3.943333
2.056667
2.001667
1.416667
0.806667
0.640000
0.583333
1.585000
2.835000
4.945000
4.753333
3.558333
3.695000
3.085000
3.056667
3.278333
3.388333
3.886667
3.111667
3.303333
2.860000
2.833333
4.193333
4.331667
3.473333
1.833333
2.250000
1.388333
0.861667
0.611667
0.470000
1.251667
1.280000
1.528333
3.138333
4.498333
6.306667
6.166667
5.473333
4.805000
4.888333
4.555000
3.748333
3.028333
2.805000
2.973333
3.416667
3.806667
3.220000
1.971667
1.945000
1.526667
0.780000
0.751667
0.611667
0.890000
1.225000
2.085000
3.166667
4.388333
5.305000
5.223333
4.363333
3.946667
3.943333
4.000000
3.721667
3.250000
3.055000
2.943333
3.776667
3.778333
3.111667
1.916667
2.250000
1.278333
0.833333
0.583333
0.611667
1.278333
1.140000
1.221667
2.916667
4.750000
6.331667
6.111667
5.583333
4.388333
3.916667
3.611667
3.248333
3.360000
2.831667
2.416667
3.363333
3.530000
2.611667
1.695000
2.025000
1.998333
0.945000
0.583333
0.611667
1.136667
1.083333
1.111667
2.113333
3.445000
5.528333
6.195000
6.141667
5.111667
4.581667
4.195000
3.861667
3.558333
4.110000
4.305000
4.721667
4.666667
3.501667
2.388333
1.750000
1.691667
0.723333
0.583333
0.611667
1.445000
2.780000
4.751667
4.695000
3.693333
3.638333
3.888333
3.418333
3.195000
3.695000
3.333333
3.165000
3.026667
3.415000
3.693333
5.500000
5.335000
3.916667
2.166667
1.635000
1.666667
0.833333
0.693333
0.696667
1.526667
2.971667
4.638333
4.611667
3.363333
3.305000
3.610000
3.110000
3.416667
3.500000
3.583333
2.945000
2.916667
3.083333
3.861667
5.471667
5.416667
4.138333
2.168333
1.611667
1.528333
0.751667
0.583333
0.611667
1.583333
2.918333
5.140000
4.610000
3.500000
3.221667
3.056667
3.113333
3.028333
3.168333
3.276667
3.193333
2.890000
2.861667
3.418333
4.971667
4.861667
3.945000
2.335000
1.528333
1.556667
0.805000
0.555000
0.583333
1.555000
2.835000
4.583333
4.721667
3.358333
3.278333
3.251667
3.168333
2.833333
3.165000
3.305000
3.028333
2.888333
3.471667
3.168333
4.750000
4.888333
3.693333
2.278333
2.055000
1.473333
0.861667
0.723333
0.668333
1.056667
2.500000
4.861667
4.778333
3.721667
3.973333
3.528333
3.473333
3.251667
3.640000
3.471667
2.831667
3.028333
3.113333
3.335000
4.111667
4.083333
3.305000
2.278333
2.221667
1.696667
0.915000
0.833333
0.666667
1.390000
1.555000
1.693333
3.473333
4.835000
6.415000
6.081667
5.443333
4.750000
4.693333
4.526667
3.971667
3.890000
4.058333
3.138333
3.305000
3.555000
2.971667
2.000000
2.111667
2.083333
1.166667
0.835000
0.748333
1.193333
1.195000
1.500000
3.083333
4.555000
6.363333
7.001667
6.195000
5.001667
4.335000
4.333333
3.668333
3.445000
3.666667
3.390000
4.583333
4.110000
3.166667
2.418333
2.000000
1.665000
0.806667
0.696667
0.695000
1.445000
2.750000
4.778333
4.693333
4.000000
3.806667
3.585000
3.528333
3.446667
3.388333
3.471667
3.140000
2.778333
3.028333
3.335000
4.890000
5.000000
4.248333
2.193333
1.776667
1.360000
0.695000
0.583333
0.640000
1.473333
2.693333
4.666667
5.250000
3.915000
3.500000
3.110000
2.888333
3.390000
3.445000
3.501667
3.193333
3.055000
2.943333
3.250000
4.831667
5.140000
3.861667
2.223333
1.835000
1.446667
0.831667
0.696667
0.723333
1.583333
2.805000
5.445000
5.083333
3.638333
3.640000
3.110000
3.195000
3.083333
3.443333
3.665000
2.943333
3.081667
3.223333
3.610000
4.611667
5.331667
3.750000
2.138333
1.805000
1.581667
0.778333
0.555000
0.611667
1.361667
2.861667
4.888333
4.721667
3.585000
3.610000
3.723333
3.276667
2.916667
3.083333
3.056667
2.835000
2.888333
3.000000
3.695000
4.888333
4.888333
3.886667
2.276667
1.945000
1.473333
0.695000
0.666667
0.696667
1.056667
2.556667
5.388333
5.696667
3.470000
4.195000
3.751667
3.416667
3.110000
3.360000
3.973333
3.361667
3.083333
3.498333
3.581667
4.223333
4.303333
3.305000
2.138333
2.333333
1.833333
1.000000
0.806667
0.696667
1.416667
1.416667
1.805000
3.886667
5.251667
6.361667
5.581667
5.110000
5.193333
4.503333
4.500000
4.085000
4.110000
3.556667
3.055000
4.138333
3.720000
3.055000
2.055000
2.303333
1.861667
1.028333
0.751667
0.611667
1.195000
1.085000
1.250000
2.670000
4.528333
6.526667
7.305000
6.583333
6.083333
4.916667
4.556667
4.280000
3.360000
3.278333
2.806667
3.556667
4.083333
3.610000
2.055000
2.111667
2.136667
0.861667
0.751667
0.640000
1.390000
1.668333
2.556667
3.806667
4.611667
5.833333
5.253333
4.778333
4.223333
4.331667
4.886667
4.833333
5.390000
5.750000
5.583333
5.498333
3.026667
2.500000
2.221667
2.306667
2.138333
1.665000
1.165000
0.723333
1.278333
1.168333
1.000000
2.081667
3.583333
6.083333
7.833333
7.945000
6.336667
3.776667
2.501667
3.028333
3.028333
2.973333
2.973333
3.916667
3.666667
3.306667
2.278333
2.445000
1.750000
1.055000
0.915000
0.665000
1.110000
1.001667
1.110000
1.806667
3.750000
6.918333
8.083333
8.693333
6.805000
4.000000
3.390000
3.471667
3.165000
3.250000
3.055000
3.833333
4.111667
3.388333
2.196667
2.168333
1.640000
1.028333
0.668333
0.640000
1.278333
1.863333
2.585000
3.806667
4.335000
5.388333
4.941667
4.500000
4.111667
4.305000
4.191667
3.445000
3.111667
3.195000
3.111667
3.973333
4.473333
3.611667
1.888333
2.138333
1.413333
0.890000
0.750000
0.611667
0.916667
1.501667
2.890000
3.555000
4.140000
5.335000
4.693333
4.388333
3.721667
4.055000
4.335000
3.943333
3.638333
3.581667
3.333333
3.556667
3.915000
3.390000
1.975000
2.138333
1.473333
0.861667
0.861667
0.833333
1.028333
1.110000
1.666667
2.888333
4.305000
5.945000
5.916667
5.335000
4.973333
4.333333
4.275000
3.885000
4.221667
3.638333
2.806667
3.833333
3.668333
3.166667
1.750000
2.168333
1.638333
1.055000
0.808333
0.695000
0.775000
0.831667
0.998333
2.166667
3.778333
6.416667
6.390000
5.890000
5.333333
4.863333
4.195000
3.890000
3.331667
3.723333
3.138333
3.418333
3.805000
3.138333
2.001667
2.195000
2.278333
0.943333
0.583333
0.583333
0.888333
1.306667
2.000000
3.418333
10.000000
5.611667
5.166667
4.500000
4.333333
4.471667
4.721667
4.528333
4.916667
5.971667
6.363333
6.388333
3.803333
2.721667
2.388333
