130.401667
129.626667
115.758333
99.156667
81.840000
79.416667
76.726667
78.233333
109.376667
170.950000
236.843333
303.915000
343.648333
323.018333
257.918333
223.035000
213.421667
204.100000
195.311667
202.830000
218.866667
218.716667
178.046667
128.048333
96.570000
73.860000
59.606667
56.530000
56.971667
69.303333
109.373333
151.620000
200.468333
248.996667
277.905000
289.986667
268.251667
258.333333
259.941667
260.786667
223.718333
204.191667
202.135000
211.523333
243.990000
248.036667
199.398333
142.203333
107.413333
77.866667
61.678333
56.466667
57.723333
74.440000
108.355000
160.878333
220.001667
257.955000
279.565000
273.113333
251.020000
252.928333
262.431667
256.091667
224.918333
212.208333
207.970000
207.438333
239.018333
252.858333
206.065000
160.956667
104.288333
76.441667
60.600000
57.673333
59.521667
79.250000
112.136667
172.205000
228.798333
257.655000
277.900000
267.898333
255.456667
244.760000
255.951667
255.381667
219.326667
205.251667
197.520000
212.018333
240.470000
248.971667
201.733333
144.770000
111.155000
74.780000
61.526667
54.818333
58.815000
70.188333
109.661667
170.303333
223.248333
254.443333
278.296667
265.878333
243.271667
234.776667
257.761667
264.026667
242.990000
232.030000
207.073333
176.916667
193.623333
213.355000
185.080000
146.828333
120.063333
87.498333
71.173333
63.241667
59.663333
63.391667
85.000000
113.385000
165.888333
268.910000
357.735000
394.223333
356.716667
294.085000
234.165000
216.126667
204.526667
190.746667
191.586667
191.335000
198.016667
205.805000
178.420000
140.311667
111.288333
86.240000
70.198333
59.226667
56.258333
63.693333
79.110000
105.895000
178.903333
268.840000
320.631667
323.063333
297.041667
272.550000
277.033333
269.188333
229.435000
212.311667
207.875000
198.563333
201.845000
208.996667
184.303333
142.950000
114.570000
92.456667
72.600000
62.961667
59.770000
67.363333
69.980000
84.443333
139.541667
240.485000
326.435000
368.426667
343.156667
303.883333
281.726667
268.273333
222.550000
211.688333
223.811667
233.793333
256.536667
247.698333
186.180000
142.301667
101.981667
72.955000
60.605000
57.551667
61.890000
75.400000
136.373333
222.076667
265.285000
250.070000
258.091667
260.040000
245.155000
244.408333
262.490000
241.860000
212.361667
197.885000
224.851667
244.756667
269.188333
270.646667
212.868333
142.440000
97.028333
74.611667
61.865000
57.930000
60.228333
76.590000
132.858333
222.855000
266.230000
253.223333
283.336667
249.718333
232.071667
236.938333
252.390000
232.448333
203.221667
194.888333
204.136667
245.220000
280.056667
275.056667
212.993333
144.885000
99.336667
70.865000
61.803333
58.748333
62.391667
78.411667
134.068333
219.055000
257.893333
239.913333
241.081667
239.418333
228.616667
236.810000
253.608333
234.500000
206.695000
190.721667
209.283333
244.838333
270.773333
263.838333
208.375000
143.271667
100.116667
74.051667
60.418333
56.220000
56.523333
73.958333
136.786667
234.443333
278.310000
252.370000
253.498333
258.225000
241.915000
247.891667
267.278333
247.996667
214.920000
205.498333
221.278333
260.193333
300.583333
293.170000
223.893333
146.970000
105.166667
74.751667
62.530000
59.568333
64.913333
85.260000
144.145000
246.443333
289.886667
261.050000
269.330000
271.913333
249.830000
248.006667
273.528333
257.856667
232.226667
222.281667
228.913333
243.100000
263.331667
257.831667
210.353333
151.845000
106.230000
81.025000
67.300000
59.683333
55.690000
62.346667
84.566667
115.518333
198.023333
310.195000
366.213333
360.493333
326.360000
307.665000
308.146667
299.305000
254.220000
228.685000
223.273333
207.975000
213.610000
213.941667
183.828333
140.531667
114.496667
85.146667
69.861667
62.858333
54.698333
63.123333
78.166667
94.938333
142.306667
248.996667
357.996667
398.508333
377.861667
332.160000
307.301667
284.280000
238.778333
221.670000
235.273333
262.968333
282.575000
268.806667
197.698333
139.358333
104.831667
77.753333
66.141667
59.336667
62.613333
83.135000
147.393333
237.388333
281.840000
254.581667
274.365000
264.505000
250.248333
249.785000
268.196667
243.631667
202.833333
197.521667
212.105000
255.140000
291.281667
287.443333
227.568333
153.128333
102.028333
81.580000
65.668333
58.893333
62.140000
84.728333
144.906667
243.503333
291.945000
254.056667
263.251667
263.621667
245.561667
242.308333
272.308333
247.453333
221.061667
207.651667
223.250000
264.718333
306.393333
297.466667
227.403333
143.000000
104.530000
80.420000
68.000000
57.761667
60.970000
87.363333
141.121667
244.558333
292.480000
251.998333
260.085000
251.668333
237.918333
247.940000
273.528333
252.578333
219.265000
206.195000
226.225000
272.166667
313.441667
287.551667
212.438333
143.171667
119.253333
83.496667
65.768333
55.696667
59.891667
76.911667
148.570000
237.620000
287.726667
246.501667
262.748333
257.328333
247.808333
236.000000
266.753333
240.691667
209.163333
196.613333
217.301667
255.696667
292.868333
291.476667
221.443333
146.778333
100.998333
75.725000
67.333333
56.001667
60.808333
83.123333
151.390000
255.793333
284.783333
252.170000
267.356667
265.255000
251.608333
247.375000
269.218333
256.830000
238.093333
213.225000
221.081667
242.101667
258.711667
253.775000
205.060000
149.310000
111.055000
87.918333
68.970000
56.535000
53.695000
114.008333
96.640000
121.976667
207.301667
319.893333
375.135000
370.833333
328.725000
304.916667
303.668333
296.056667
257.611667
233.805000
224.168333
211.333333
214.191667
223.998333
188.050000
144.191667
113.698333
89.591667
71.356667
61.491667
58.495000
64.610000
74.746667
92.273333
154.118333
258.885000
361.605000
398.640000
353.528333
318.021667
290.638333
271.913333
239.111667
222.948333
236.218333
255.963333
282.000000
257.615000
199.536667
141.010000
96.753333
71.170000
62.138333
53.833333
58.390000
76.441667
145.930000
236.418333
280.025000
253.613333
270.221667
266.136667
249.025000
250.856667
270.798333
243.856667
204.661667
197.416667
209.833333
253.806667
288.586667
281.866667
229.238333
139.670000
93.355000
65.023333
56.556667
51.356667
55.860000
78.981667
142.935000
242.566667
287.315000
250.081667
255.086667
250.576667
243.888333
244.628333
276.141667
250.201667
216.583333
204.163333
229.586667
270.061667
310.031667
301.723333
223.815000
146.638333
103.700000
74.643333
64.358333
58.581667
62.805000
86.811667
146.076667
247.886667
285.756667
251.635000
252.581667
249.056667
232.776667
236.303333
261.053333
247.335000
212.058333
199.693333
217.328333
267.228333
300.608333
277.671667
203.218333
138.608333
120.361667
86.216667
61.835000
55.143333
55.165000
75.493333
138.010000
234.885000
279.831667
248.476667
257.223333
251.385000
242.050000
243.133333
263.475000
237.055000
204.193333
195.368333
215.553333
255.388333
291.091667
281.890000
215.015000
136.366667
98.000000
70.555000
64.535000
59.226667
60.505000
82.295000
150.625000
247.615000
282.553333
256.446667
264.508333
250.998333
230.661667
236.466667
255.836667
245.770000
222.495000
205.938333
216.106667
238.415000
260.116667
248.916667
199.330000
149.946667
110.533333
81.060000
64.163333
55.910000
51.883333
62.108333
82.008333
118.198333
198.656667
294.831667
341.943333
330.380000
307.055000
293.505000
291.671667
279.051667
235.333333
214.058333
217.721667
212.611667
213.468333
213.303333
186.525000
142.115000
116.386667
87.141667
68.925000
57.668333
53.221667
63.046667
77.895000
97.631667
148.908333
253.723333
352.448333
387.053333
366.086667
327.558333
297.086667
278.498333
234.830000
211.725000
229.533333
251.618333
276.278333
271.113333
199.368333
135.888333
96.136667
68.585000
59.756667
56.388333
59.863333
77.455000
148.298333
235.323333
281.085000
253.770000
270.501667
263.970000
249.828333
248.913333
274.031667
248.253333
207.143333
192.730000
210.418333
253.395000
286.618333
279.473333
222.276667
140.663333
94.583333
66.388333
59.781667
53.776667
54.283333
76.738333
136.613333
208.341667
277.510000
252.368333
261.136667
247.835000
232.700000
233.283333
258.201667
229.470000
195.523333
193.833333
217.603333
258.685000
295.048333
292.220000
225.910000
52.000000
122.351667
102.063333
56.751667
55.880000
59.083333
76.195000
142.835000
236.630000
274.263333
219.913333
239.000000
234.261667
223.456667
227.988333
252.915000
236.883333
202.488333
196.663333
213.073333
232.236667
296.810000
274.715000
212.358333
144.688333
127.358333
98.436667
54.936667
51.511667
54.648333
71.766667
139.793333
230.915000
262.160000
219.836667
245.220000
243.083333
230.561667
231.810000
252.298333
238.863333
207.821667
197.791667
221.151667
225.353333
293.316667
283.091667
218.530000
140.506667
123.755000
90.745000
58.281667
53.491667
57.108333
72.205000
137.938333
223.880000
267.608333
231.546667
261.343333
261.650000
247.193333
245.263333
263.510000
253.210000
224.891667
207.916667
221.696667
221.290000
224.100000
219.365000
205.458333
134.511667
140.390000
96.548333
62.876667
57.480000
51.938333
58.546667
76.501667
111.681667
192.410000
266.766667
361.721667
340.240000
286.225000
253.003333
258.275000
266.260000
249.555000
220.206667
225.493333
196.700000
219.201667
218.453333
184.610000
129.606667
140.265000
108.255000
65.930000
57.663333
52.358333
53.696667
63.871667
82.805000
142.470000
212.838333
348.175000
395.135000
366.393333
327.423333
290.766667
266.718333
224.471667
203.345000
223.725000
215.256667
266.153333
256.876667
192.838333
129.173333
124.043333
93.805000
54.781667
51.770000
56.328333
73.366667
136.588333
209.828333
276.211667
231.691667
262.695000
263.226667
245.826667
250.286667
275.926667
246.841667
209.370000
192.393333
215.656667
225.685000
286.590000
288.806667
219.908333
134.448333
118.685000
96.850000
55.260000
52.900000
55.740000
75.905000
142.935000
232.141667
275.113333
228.885000
255.563333
255.135000
238.408333
246.818333
273.066667
249.723333
212.890000
197.003333
221.995000
232.148333
306.411667
298.876667
228.755000
143.193333
121.263333
101.456667
57.205000
54.145000
55.815000
73.658333
144.091667
235.195000
281.753333
231.616667
252.165000
255.851667
238.325000
242.546667
267.270000
246.888333
211.190000
197.960000
223.470000
239.936667
302.630000
278.816667
215.091667
143.518333
125.543333
99.855000
57.861667
54.993333
58.501667
71.643333
138.406667
232.608333
274.313333
229.758333
257.603333
251.058333
235.665000
241.331667
264.998333
243.745000
211.315000
197.721667
218.983333
231.490000
297.110000
292.053333
223.210000
139.133333
122.586667
96.103333
58.093333
52.090000
54.653333
75.086667
142.405000
230.946667
281.358333
230.273333
260.866667
257.550000
243.920000
242.028333
266.956667
253.530000
224.471667
211.251667
215.885000
215.636667
271.316667
258.875000
201.731667
137.223333
138.803333
96.311667
61.978333
56.213333
52.345000
59.648333
84.670000
114.535000
204.456667
276.235000
362.233333
358.960000
322.530000
307.350000
299.573333
288.440000
248.333333
222.073333
216.700000
202.123333
213.780000
209.106667
185.905000
134.580000
139.495000
108.971667
66.701667
56.935000
50.255000
56.066667
68.015000
87.040000
150.446667
224.235000
349.738333
389.433333
364.836667
321.643333
291.845000
268.961667
229.181667
214.516667
222.663333
223.066667
270.725000
257.546667
193.073333
125.460000
120.540000
94.491667
54.661667
51.163333
53.996667
74.313333
135.895000
229.361667
279.148333
226.005000
263.195000
261.690000
243.928333
251.115000
269.541667
243.586667
207.435000
191.463333
213.358333
226.405000
286.458333
289.780000
220.180000
137.628333
121.011667
100.340000
57.016667
50.790000
56.490000
76.123333
136.008333
231.816667
281.790000
225.143333
256.493333
254.480000
238.771667
243.843333
273.215000
250.486667
217.268333
204.016667
223.066667
238.205000
307.193333
285.515000
222.636667
145.318333
122.788333
97.343333
58.710000
54.555000
57.090000
79.101667
141.968333
239.323333
289.246667
234.588333
262.353333
253.943333
243.985000
246.756667
271.141667
251.185000
214.973333
202.773333
224.851667
235.040000
304.116667
298.938333
226.880000
138.381667
126.246667
103.531667
59.561667
56.158333
56.338333
78.110000
141.981667
241.038333
292.463333
241.215000
266.298333
264.095000
247.431667
252.458333
274.455000
244.878333
218.266667
199.503333
221.803333
233.875000
301.276667
297.408333
224.073333
142.506667
131.380000
103.326667
65.631667
59.288333
59.955000
80.478333
150.708333
246.530000
289.113333
240.501667
264.670000
258.263333
241.518333
260.766667
267.600000
242.226667
217.336667
207.293333
218.781667
222.705000
266.898333
256.173333
203.031667
138.565000
140.138333
96.823333
64.590000
58.633333
53.235000
59.698333
77.513333
115.151667
208.705000
279.183333
367.908333
361.076667
321.068333
305.601667
304.245000
289.660000
249.281667
221.390000
204.623333
181.101667
207.785000
209.753333
178.075000
130.488333
134.541667
101.798333
68.500000
59.628333
54.861667
62.971667
73.338333
88.728333
124.306667
190.720000
299.221667
320.611667
296.500000
263.693333
239.941667
221.210000
184.558333
169.665000
181.555000
180.026667
220.556667
211.556667
152.576667
127.333333
128.855000
100.380000
59.176667
53.726667
56.093333
76.216667
130.733333
204.100000
247.060000
243.100000
283.440000
280.523333
265.003333
259.545000
273.851667
262.858333
227.435000
211.503333
221.215000
228.573333
289.831667
282.246667
220.123333
133.645000
124.001667
94.665000
58.083333
57.613333
57.198333
74.931667
145.875000
235.623333
289.276667
238.515000
265.730000
261.673333
246.673333
252.578333
272.275000
254.916667
216.393333
205.936667
221.873333
230.583333
302.978333
295.223333
224.978333
137.740000
121.696667
98.233333
57.986667
54.943333
58.338333
77.581667
141.555000
245.828333
296.470000
241.838333
263.990000
254.608333
238.430000
242.333333
268.696667
245.173333
214.676667
195.806667
218.598333
235.181667
303.288333
292.016667
223.965000
141.290000
127.661667
102.140000
55.728333
52.996667
54.495000
76.246667
137.513333
242.183333
288.323333
231.746667
259.901667
252.418333
244.248333
253.165000
273.080000
243.768333
210.885000
196.166667
217.886667
234.158333
295.803333
290.508333
224.406667
139.426667
126.226667
103.145000
66.808333
65.698333
66.665000
82.025000
146.951667
248.690000
294.638333
248.696667
273.335000
268.108333
251.360000
248.413333
267.826667
256.610000
229.193333
214.611667
226.003333
223.780000
257.305000
247.493333
206.186667
140.405000
139.585000
95.776667
64.105000
57.418333
51.915000
65.270000
84.691667
127.716667
225.861667
291.831667
367.560000
354.385000
312.960000
297.075000
296.528333
286.836667
244.940000
220.190000
224.665000
199.556667
214.776667
216.921667
179.591667
130.221667
142.163333
109.390000
68.995000
57.691667
51.190000
59.806667
73.723333
99.916667
171.368333
248.831667
368.395000
387.998333
341.220000
303.853333
279.195000
270.360000
230.820000
210.230000
233.055000
240.840000
288.498333
261.331667
195.465000
134.301667
124.033333
104.050000
65.888333
59.166667
59.835000
79.525000
140.561667
244.815000
288.113333
237.916667
269.000000
267.801667
251.773333
251.355000
265.528333
248.278333
211.755000
199.355000
216.775000
233.983333
294.446667
279.608333
218.098333
137.420000
123.841667
99.753333
57.388333
54.196667
53.223333
73.923333
138.885000
244.470000
292.475000
239.698333
268.111667
260.115000
244.915000
244.865000
271.055000
240.890000
209.753333
194.471667
220.025000
233.415000
303.000000
294.501667
225.136667
139.140000
123.866667
99.800000
58.925000
60.785000
65.395000
81.793333
145.260000
245.833333
297.418333
60.000000
261.423333
249.491667
237.658333
233.441667
261.950000
238.886667
208.635000
198.308333
220.220000
233.913333
292.113333
281.713333
211.573333
134.200000
119.836667
98.468333
56.965000
52.975000
55.803333
78.220000
144.806667
253.551667
297.225000
238.251667
263.580000
257.855000
238.168333
238.660000
270.551667
242.076667
209.263333
199.893333
216.501667
231.051667
292.503333
288.141667
232.761667
149.960000
125.886667
102.661667
69.828333
67.446667
66.863333
86.423333
153.448333
254.808333
301.283333
246.391667
274.328333
261.771667
248.823333
246.833333
265.285000
254.280000
238.426667
223.778333
228.401667
225.420000
261.445000
254.710000
205.571667
142.353333
139.860000
98.840000
63.251667
56.520000
56.301667
62.533333
84.550000
131.185000
233.736667
298.050000
362.640000
349.360000
307.948333
292.248333
291.918333
284.611667
239.715000
218.615000
222.136667
199.240000
217.581667
214.808333
186.723333
132.583333
141.775000
111.888333
66.333333
59.030000
53.916667
62.610000
75.656667
102.525000
174.475000
245.253333
361.580000
381.023333
338.690000
300.691667
279.248333
259.416667
225.965000
211.023333
229.191667
233.051667
280.498333
264.440000
194.456667
129.695000
122.840000
103.835000
64.225000
59.776667
65.086667
80.926667
142.508333
248.971667
296.381667
240.775000
272.160000
277.253333
260.028333
259.225000
270.253333
240.641667
208.336667
195.918333
213.826667
227.863333
288.386667
280.603333
217.973333
137.168333
120.281667
97.638333
63.226667
59.221667
63.856667
84.258333
152.913333
255.606667
302.721667
237.225000
263.523333
252.471667
244.930000
239.646667
263.995000
244.031667
211.516667
205.151667
221.581667
237.250000
301.080000
296.366667
225.343333
135.496667
123.425000
103.418333
58.588333
54.971667
65.060000
93.565000
152.666667
265.671667
320.445000
251.778333
266.281667
259.641667
246.856667
244.446667
265.641667
248.651667
218.428333
207.363333
225.058333
237.721667
310.530000
282.363333
216.341667
141.888333
125.193333
102.858333
62.020000
58.298333
60.438333
83.823333
150.721667
260.571667
307.186667
256.131667
285.193333
274.976667
251.670000
256.440000
271.416667
245.723333
213.220000
202.863333
220.723333
233.603333
298.696667
292.116667
222.413333
139.358333
131.468333
99.446667
73.443333
70.308333
81.283333
98.121667
165.180000
265.921667
311.111667
248.223333
269.168333
271.231667
258.973333
249.188333
265.026667
259.470000
228.695000
213.671667
227.025000
220.836667
262.358333
253.166667
197.618333
143.005000
142.695000
101.916667
67.155000
58.275000
57.063333
60.435000
86.216667
142.373333
243.056667
303.995000
366.666667
344.675000
304.858333
291.448333
291.168333
283.943333
245.285000
220.640000
228.668333
204.425000
230.583333
223.750000
180.775000
136.853333
154.913333
114.913333
70.520000
62.053333
56.551667
62.325000
81.586667
112.313333
186.266667
260.695000
371.811667
373.415000
330.941667
295.083333
272.135000
258.746667
228.361667
217.041667
236.168333
240.306667
296.441667
270.775000
200.506667
132.558333
122.695000
102.331667
64.750000
61.115000
73.673333
87.196667
149.820000
254.333333
306.543333
257.333333
286.440000
279.445000
254.866667
259.563333
273.055000
245.213333
212.251667
198.183333
211.306667
227.906667
298.513333
289.891667
218.663333
135.833333
125.308333
99.386667
57.586667
58.506667
64.748333
84.871667
156.433333
267.140000
305.995000
246.830000
268.521667
257.088333
245.446667
250.966667
272.366667
244.606667
219.265000
206.466667
223.033333
245.615000
310.970000
294.330000
226.478333
141.990000
122.888333
101.996667
62.638333
58.970000
73.886667
94.735000
165.081667
274.076667
310.108333
248.865000
265.940000
262.000000
255.981667
259.121667
278.138333
262.435000
227.141667
202.206667
227.920000
243.381667
311.696667
288.548333
224.255000
143.560000
121.168333
99.438333
56.771667
54.835000
61.221667
85.791667
156.580000
270.948333
313.445000
256.466667
269.416667
267.255000
245.528333
249.370000
266.751667
244.640000
212.343333
198.638333
221.911667
227.810000
290.173333
288.026667
219.493333
136.275000
131.165000
102.278333
67.803333
66.141667
82.631667
99.431667
164.326667
257.386667
310.606667
262.811667
284.693333
282.108333
270.280000
271.861667
282.333333
275.251667
244.421667
225.585000
230.748333
224.813333
272.953333
267.138333
209.431667
147.606667
145.808333
103.751667
66.666667
58.603333
52.805000
62.565000
87.235000
151.971667
258.491667
314.498333
376.525000
349.248333
311.168333
296.060000
297.338333
284.390000
248.110000
231.083333
230.863333
208.386667
224.421667
224.055000
193.161667
140.541667
147.556667
114.001667
67.056667
59.223333
56.923333
63.323333
79.800000
113.760000
196.206667
273.178333
371.860000
380.163333
346.551667
299.780000
272.351667
260.581667
225.001667
213.866667
244.445000
248.255000
305.310000
274.946667
203.601667
140.825000
135.028333
109.775000
71.081667
67.920000
77.690000
97.418333
152.758333
262.755000
309.748333
265.525000
302.000000
299.278333
285.585000
277.220000
285.451667
250.281667
219.393333
203.525000
216.360000
230.748333
292.688333
283.836667
225.083333
141.270000
125.721667
100.138333
58.991667
60.971667
69.556667
92.073333
165.245000
278.971667
322.273333
262.363333
281.311667
276.890000
263.966667
266.353333
288.243333
255.530000
223.160000
212.161667
233.656667
252.140000
315.700000
287.498333
219.270000
141.278333
120.226667
109.548333
61.503333
61.086667
67.761667
90.558333
149.351667
260.445000
290.588333
232.610000
250.891667
235.615000
227.893333
227.340000
253.336667
236.153333
214.011667
206.963333
226.803333
243.861667
313.438333
292.446667
225.071667
131.943333
122.806667
100.808333
57.220000
56.270000
64.080000
83.295000
144.591667
249.163333
285.436667
221.335000
244.575000
249.648333
246.523333
243.131667
269.078333
248.036667
224.198333
208.043333
222.248333
238.861667
316.360000
301.966667
231.588333
141.501667
124.081667
105.991667
70.705000
62.693333
63.388333
83.091667
151.840000
269.726667
315.088333
250.583333
277.781667
264.698333
251.783333
247.588333
279.713333
268.060000
238.783333
222.561667
225.323333
229.306667
271.406667
257.335000
212.216667
144.183333
143.276667
101.145000
63.190000
58.280000
53.811667
60.205000
85.835000
143.993333
247.240000
303.683333
375.971667
351.836667
312.280000
302.730000
306.161667
297.135000
260.416667
237.355000
227.521667
204.306667
234.081667
224.055000
188.861667
135.150000
133.216667
108.691667
67.121667
57.420000
55.353333
68.748333
85.261667
95.750000
144.163333
203.488333
317.700000
365.916667
346.743333
332.575000
297.723333
275.033333
243.461667
229.093333
235.836667
224.515000
307.716667
307.110000
235.250000
150.808333
131.310000
101.390000
68.493333
68.311667
63.776667
91.331667
139.783333
236.243333
291.780000
243.656667
279.615000
279.896667
259.930000
261.111667
287.916667
261.590000
218.745000
206.598333
214.673333
229.746667
309.141667
310.361667
235.911667
135.733333
131.218333
105.413333
56.366667
57.263333
57.020000
73.383333
141.128333
246.533333
298.983333
242.381667
265.113333
271.448333
256.141667
256.663333
283.886667
260.393333
227.026667
211.771667
226.733333
241.053333
328.583333
318.551667
242.796667
151.363333
123.168333
96.371667
58.018333
59.803333
61.006667
82.200000
143.318333
250.490000
305.433333
248.398333
263.155000
267.468333
252.086667
255.516667
282.005000
262.366667
236.791667
215.705000
226.240000
228.285000
304.236667
283.080000
225.270000
157.008333
142.670000
106.221667
59.553333
56.790000
60.978333
76.186667
126.931667
193.905000
256.321667
264.195000
331.553333
331.571667
301.356667
288.766667
292.893333
278.410000
248.373333
230.198333
234.306667
239.565000
309.053333
303.815000
231.583333
142.753333
126.233333
100.856667
66.325000
62.868333
66.260000
81.830000
145.410000
255.063333
310.573333
259.045000
273.348333
267.283333
251.176667
244.360000
268.226667
255.500000
237.555000
218.033333
223.391667
216.183333
272.858333
265.998333
216.963333
149.715000
155.530000
105.668333
64.881667
59.945000
57.363333
65.838333
85.400000
132.205000
224.503333
60.000000
363.000000
340.086667
304.773333
290.835000
288.525000
276.716667
244.888333
234.971667
223.136667
203.701667
237.135000
242.191667
195.346667
143.393333
123.060000
89.255000
69.410000
61.775000
57.360000
63.133333
80.915000
100.125000
177.036667
291.553333
384.756667
380.866667
314.998333
282.015000
260.638333
244.516667
220.521667
215.343333
229.055000
248.733333
272.053333
271.745000
213.471667
155.625000
108.618333
75.531667
69.713333
68.138333
79.691667
101.173333
149.068333
217.001667
261.916667
284.915000
300.278333
303.331667
283.723333
273.250000
282.356667
269.971667
245.841667
229.930000
221.420000
236.416667
273.245000
278.298333
230.485000
157.416667
106.161667
75.165000
64.193333
63.051667
71.720000
85.505000
134.355000
209.850000
247.216667
254.446667
260.475000
248.120000
244.473333
240.085000
255.136667
248.221667
213.280000
205.618333
208.886667
230.835000
277.688333
258.881667
211.248333
155.088333
104.196667
67.730000
58.738333
60.246667
68.765000
78.166667
128.330000
190.168333
232.133333
247.608333
250.410000
247.446667
244.778333
235.888333
257.251667
245.280000
219.965000
211.065000
207.880000
228.630000
254.431667
253.410000
261.055000
152.916667
104.225000
70.751667
56.695000
56.496667
58.438333
77.281667
114.673333
167.191667
223.608333
265.726667
288.080000
268.386667
244.218333
235.301667
247.720000
250.833333
223.158333
211.585000
204.055000
202.200000
219.393333
220.750000
189.256667
139.523333
103.560000
80.833333
68.688333
61.523333
64.115000
66.363333
71.500000
94.673333
154.691667
224.356667
293.806667
344.255000
326.008333
284.531667
248.165000
229.073333
201.641667
183.725000
184.918333
190.113333
200.020000
205.195000
172.750000
133.701667
100.391667
80.445000
60.165000
56.140000
55.078333
60.036667
77.288333
101.346667
170.571667
249.716667
294.555000
285.001667
250.341667
242.448333
236.383333
224.128333
199.296667
187.101667
192.871667
194.648333
202.531667
202.140000
179.305000
135.665000
105.670000
78.171667
63.021667
57.666667
53.851667
58.368333
71.551667
91.738333
145.646667
221.881667
283.580000
304.511667
277.161667
247.151667
230.290000
217.730000
189.721667
180.988333
196.068333
209.813333
232.345000
224.885000
183.296667
140.546667
110.225000
80.473333
71.388333
68.971667
64.366667
67.873333
75.541667
91.533333
144.108333
219.960000
295.693333
345.221667
337.005000
294.145000
257.638333
240.890000
215.835000
211.696667
227.663333
261.665000
312.580000
302.058333
220.250000
143.436667
101.945000
73.050000
60.628333
54.941667
57.683333
72.185000
135.455000
249.665000
291.080000
260.386667
262.385000
253.800000
235.806667
251.923333
299.671667
251.608333
218.230000
209.433333
217.216667
248.580000
301.908333
295.258333
234.463333
158.648333
102.310000
69.223333
59.926667
59.283333
66.778333
80.670000
133.558333
241.635000
300.253333
256.726667
259.723333
255.695000
243.088333
253.191667
272.243333
251.916667
222.913333
217.556667
222.643333
261.443333
321.083333
318.803333
248.625000
166.578333
118.806667
71.106667
59.335000
61.830000
64.026667
77.856667
136.251667
255.865000
291.730000
258.836667
251.556667
247.393333
237.306667
235.503333
258.111667
231.111667
204.855000
202.053333
211.031667
252.916667
298.890000
301.036667
237.473333
153.440000
101.335000
72.385000
63.165000
59.465000
64.530000
78.390000
139.765000
250.008333
295.305000
262.760000
257.088333
252.116667
240.141667
248.945000
265.971667
251.170000
229.781667
217.315000
222.371667
241.586667
268.993333
267.941667
219.851667
152.951667
112.055000
81.246667
64.745000
59.858333
59.216667
67.226667
81.685000
131.818333
227.003333
322.615000
366.000000
353.546667
318.530000
300.113333
296.446667
291.833333
248.913333
233.003333
226.943333
224.053333
225.056667
232.168333
195.480000
148.523333
122.723333
87.923333
68.450000
60.718333
56.668333
60.528333
73.491667
105.016667
168.033333
262.473333
351.918333
388.975000
355.618333
312.946667
289.535000
273.395000
229.345000
220.236667
236.258333
249.855000
278.796667
290.383333
221.471667
157.146667
106.115000
73.796667
66.583333
67.228333
71.470000
92.943333
143.748333
253.188333
302.713333
271.443333
276.315000
266.331667
246.606667
249.111667
267.808333
242.335000
212.471667
202.181667
212.446667
252.700000
300.051667
303.170000
234.110000
150.776667
99.780000
70.113333
56.381667
56.615000
59.306667
77.505000
133.983333
254.116667
302.911667
264.981667
258.935000
255.386667
235.546667
248.993333
271.056667
249.673333
223.570000
213.003333
230.463333
272.541667
323.945000
303.331667
238.260000
168.268333
108.136667
72.660000
60.580000
60.936667
65.878333
84.835000
141.120000
257.116667
298.666667
253.978333
250.668333
246.993333
229.351667
237.968333
264.915000
240.686667
214.330000
202.790000
222.255000
263.821667
320.103333
292.388333
228.985000
171.451667
113.943333
74.031667
61.976667
64.366667
64.805000
86.138333
146.138333
269.798333
312.528333
280.611667
273.276667
278.610000
253.941667
256.441667
279.303333
252.578333
219.213333
210.421667
226.583333
253.738333
299.720000
310.111667
243.023333
163.141667
111.698333
80.885000
69.886667
67.735000
73.726667
90.278333
151.541667
271.308333
319.223333
277.496667
280.526667
274.885000
264.301667
262.780000
284.193333
268.923333
240.285000
227.588333
236.580000
252.055000
281.390000
279.306667
222.278333
159.586667
117.220000
86.301667
72.216667
62.496667
58.601667
68.738333
90.533333
140.886667
236.475000
340.973333
382.666667
360.130000
317.315000
303.976667
302.143333
298.275000
266.281667
252.528333
267.521667
248.361667
204.500000
193.000000
197.311667
158.221667
122.613333
95.535000
73.931667
66.380000
62.665000
66.596667
83.223333
108.848333
172.975000
261.145000
345.188333
379.191667
354.996667
318.670000
294.276667
267.511667
237.271667
217.585000
230.671667
260.445000
296.463333
292.498333
219.776667
155.706667
111.633333
74.996667
71.451667
74.728333
78.583333
96.460000
151.173333
272.358333
319.090000
281.601667
283.338333
272.260000
259.360000
247.688333
271.801667
245.661667
215.670000
203.880000
213.140000
249.411667
297.996667
301.886667
235.683333
155.746667
105.141667
78.720000
67.218333
61.055000
63.220000
81.555000
146.816667
263.111667
306.638333
265.280000
268.445000
266.308333
252.496667
257.050000
279.470000
257.880000
224.060000
214.670000
236.168333
289.051667
344.668333
299.836667
230.408333
177.765000
108.191667
72.686667
67.833333
67.193333
74.996667
93.246667
154.238333
274.501667
322.836667
269.480000
262.173333
250.775000
246.991667
252.525000
280.451667
254.085000
224.450000
216.505000
233.026667
278.920000
323.333333
294.108333
224.318333
155.920000
113.475000
85.693333
71.670000
72.086667
76.440000
96.680000
160.241667
282.395000
318.661667
273.608333
281.251667
272.175000
262.108333
263.223333
285.820000
260.191667
232.305000
233.465000
239.651667
273.820000
325.495000
321.170000
255.501667
173.605000
114.890000
82.361667
79.168333
78.221667
82.223333
93.276667
162.580000
288.055000
329.300000
288.220000
275.306667
268.555000
250.280000
251.975000
272.336667
260.251667
243.673333
232.981667
243.310000
254.658333
276.310000
281.720000
232.126667
164.316667
127.335000
89.751667
74.968333
65.848333
62.445000
70.860000
92.666667
146.255000
232.661667
317.081667
365.163333
357.191667
316.840000
291.233333
290.780000
283.056667
244.638333
230.033333
223.086667
207.255000
223.758333
225.088333
192.586667
146.721667
116.670000
90.721667
74.495000
64.495000
60.920000
65.878333
90.970000
114.736667
185.001667
281.718333
363.115000
370.500000
323.381667
290.573333
273.943333
256.256667
226.111667
213.256667
219.451667
226.001667
248.363333
258.883333
199.641667
151.780000
114.955000
84.890000
88.915000
85.275000
89.195000
95.805000
131.525000
198.253333
240.956667
284.278333
311.695000
295.061667
270.945000
256.641667
270.360000
266.198333
227.155000
216.308333
200.595000
210.743333
240.280000
252.370000
206.568333
56.000000
151.220000
117.223333
77.831667
64.471667
59.498333
68.743333
93.001667
127.318333
182.183333
248.218333
358.388333
372.250000
332.273333
299.528333
284.696667
270.696667
233.641667
219.198333
230.746667
232.381667
309.808333
314.753333
232.303333
142.865000
133.031667
107.238333
66.006667
63.043333
68.835000
82.666667
150.401667
273.221667
315.613333
252.060000
272.078333
261.016667
253.670000
262.245000
280.540000
260.221667
226.888333
212.688333
220.861667
231.891667
302.446667
303.453333
247.651667
154.248333
139.715000
112.336667
69.165000
67.106667
69.001667
88.770000
155.523333
272.811667
309.105000
251.948333
263.356667
258.246667
247.835000
250.608333
273.921667
249.948333
222.498333
209.420000
219.385000
232.641667
312.305000
320.470000
256.831667
157.141667
137.116667
105.603333
74.673333
67.255000
72.168333
86.406667
152.351667
280.355000
327.996667
262.556667
272.965000
264.803333
253.145000
256.308333
273.250000
263.781667
234.553333
221.111667
228.973333
220.053333
275.463333
281.323333
225.778333
156.101667
154.731667
110.080000
73.356667
62.583333
59.025000
67.458333
99.631667
154.773333
245.810000
299.691667
368.665000
346.663333
303.281667
288.998333
295.308333
284.886667
246.576667
236.191667
235.171667
205.271667
227.243333
233.631667
199.733333
151.878333
154.640000
122.920000
76.276667
64.080000
59.250000
62.691667
79.078333
109.068333
172.730000
244.603333
357.911667
393.280000
355.556667
312.585000
275.071667
254.618333
233.988333
230.983333
236.643333
230.305000
289.690000
300.443333
228.881667
151.978333
134.801667
105.918333
74.748333
76.776667
86.806667
98.978333
166.495000
275.298333
331.275000
262.496667
282.071667
279.296667
265.771667
262.866667
284.526667
260.198333
229.771667
217.131667
229.363333
236.335000
306.638333
317.776667
250.906667
150.800000
132.333333
113.608333
66.743333
56.303333
58.801667
79.788333
151.541667
271.963333
320.168333
262.733333
270.608333
262.771667
246.168333
252.903333
271.833333
249.955000
220.813333
209.233333
227.026667
249.170000
323.755000
327.298333
253.330000
164.650000
140.368333
107.376667
67.220000
68.716667
77.310000
93.823333
162.836667
279.708333
321.376667
263.575000
285.935000
280.765000
257.718333
256.203333
262.811667
243.358333
219.330000
207.531667
210.675000
231.390000
307.925000
305.060000
231.620000
144.646667
127.818333
107.970000
76.375000
76.810000
82.138333
100.440000
167.480000
285.290000
320.471667
268.908333
283.201667
273.311667
255.915000
265.470000
288.253333
262.780000
238.580000
233.743333
245.153333
251.211667
320.948333
329.195000
253.271667
165.741667
154.195000
117.186667
80.253333
74.340000
85.940000
93.481667
167.076667
299.520000
338.836667
280.861667
293.271667
280.336667
270.798333
267.131667
279.920000
266.191667
254.360000
233.475000
239.411667
238.691667
289.075000
292.051667
244.388333
165.266667
167.078333
114.891667
72.630000
65.970000
59.465000
68.005000
101.320000
162.110000
263.461667
324.973333
386.253333
347.695000
310.943333
306.585000
299.801667
290.138333
257.551667
248.308333
247.886667
215.723333
240.363333
246.755000
210.053333
158.388333
168.173333
130.473333
83.080000
69.273333
63.635000
66.095000
92.558333
122.738333
197.371667
254.695000
357.670000
372.685000
340.076667
304.996667
279.971667
259.366667
237.891667
226.335000
245.615000
240.591667
296.276667
295.748333
240.920000
157.383333
149.611667
115.278333
84.775000
77.361667
94.890000
103.465000
173.395000
293.445000
339.110000
282.385000
304.058333
295.500000
276.058333
272.395000
286.556667
256.276667
234.103333
222.131667
234.345000
247.771667
318.583333
321.366667
253.495000
159.638333
137.888333
118.530000
74.585000
64.755000
67.983333
83.151667
167.588333
287.201667
327.663333
271.166667
276.521667
274.830000
260.813333
263.096667
279.140000
266.151667
238.881667
259.495000
295.606667
249.440000
330.191667
334.786667
258.551667
162.448333
136.223333
110.968333
75.635000
77.411667
81.415000
91.693333
167.128333
282.031667
317.261667
250.476667
270.943333
263.531667
247.143333
258.483333
272.310000
252.165000
221.943333
211.473333
226.028333
237.338333
317.661667
322.503333
257.946667
158.525000
143.551667
116.751667
79.946667
75.610000
84.380000
99.155000
181.155000
294.501667
320.771667
261.145000
265.858333
259.465000
245.788333
251.158333
273.956667
256.745000
225.608333
227.096667
240.081667
243.470000
309.305000
315.191667
245.106667
154.998333
137.470000
111.610000
82.136667
72.303333
83.086667
96.021667
169.151667
288.585000
323.308333
255.581667
274.055000
271.465000
269.223333
262.756667
280.146667
276.110000
242.596667
235.331667
239.773333
232.728333
273.638333
280.775000
224.325000
150.915000
155.695000
117.496667
78.245000
74.556667
63.945000
70.780000
96.545000
140.311667
229.528333
285.780000
350.996667
348.501667
316.636667
297.968333
300.585000
292.523333
254.946667
252.156667
246.340000
217.528333
236.735000
236.435000
207.161667
151.448333
165.660000
129.638333
81.418333
75.395000
65.918333
69.580000
87.713333
104.231667
159.080000
235.918333
349.610000
369.446667
347.356667
319.223333
284.780000
269.811667
237.375000
225.301667
233.410000
230.716667
285.475000
271.223333
205.141667
145.971667
136.808333
111.971667
82.356667
80.986667
91.248333
105.986667
168.061667
278.558333
314.801667
242.390000
268.273333
264.408333
249.060000
251.276667
268.361667
245.696667
211.058333
204.191667
215.475000
229.025000
305.193333
300.728333
234.016667
150.108333
131.556667
108.743333
72.998333
70.303333
69.061667
87.538333
158.625000
252.665000
283.103333
250.803333
276.200000
268.421667
256.450000
253.086667
270.940000
259.805000
225.086667
215.528333
225.950000
235.251667
314.495000
322.295000
256.298333
162.310000
140.438333
108.166667
67.053333
65.353333
78.216667
96.846667
163.905000
281.891667
314.886667
255.193333
271.858333
266.973333
249.748333
249.773333
279.026667
255.778333
223.975000
219.255000
231.666667
239.025000
327.721667
328.280000
260.611667
164.510000
142.243333
115.221667
76.078333
72.725000
76.886667
95.925000
172.615000
285.388333
325.870000
260.590000
274.340000
276.945000
257.380000
257.360000
280.310000
252.718333
230.636667
226.280000
241.141667
247.053333
318.673333
329.771667
265.941667
161.306667
147.803333
114.586667
76.725000
76.696667
87.111667
102.830000
180.940000
306.448333
350.696667
292.080000
297.473333
285.635000
274.455000
268.836667
289.053333
279.803333
253.108333
239.110000
238.173333
240.355000
303.415000
297.615000
227.668333
163.585000
174.271667
122.998333
85.693333
71.726667
64.085000
70.993333
107.906667
164.258333
250.803333
304.385000
356.140000
337.141667
305.331667
291.888333
284.941667
270.050000
241.305000
230.833333
226.503333
203.115000
235.330000
232.363333
196.890000
152.650000
152.335000
116.221667
70.773333
60.993333
55.931667
62.621667
91.488333
122.515000
198.271667
255.833333
342.198333
348.110000
317.805000
294.223333
268.150000
240.445000
221.671667
212.698333
222.811667
212.506667
252.283333
259.948333
215.643333
151.191667
150.915000
111.750000
73.851667
67.720000
70.561667
83.761667
118.155000
146.615000
208.055000
259.306667
343.481667
339.228333
312.001667
292.781667
287.056667
267.890000
234.331667
237.886667
247.050000
246.943333
315.525000
324.190000
246.788333
159.223333
134.883333
109.441667
71.591667
61.636667
66.415000
86.391667
168.070000
293.026667
325.811667
262.918333
278.638333
276.285000
264.538333
265.118333
283.103333
253.071667
223.551667
221.590000
230.883333
238.363333
316.446667
326.160000
263.136667
164.723333
140.196667
111.586667
75.770000
71.246667
75.863333
93.410000
181.530000
288.901667
342.890000
279.580000
284.976667
277.046667
268.163333
277.388333
287.528333
261.581667
234.858333
224.810000
238.250000
247.638333
331.386667
342.526667
271.361667
169.995000
143.840000
116.526667
75.833333
68.190000
79.386667
90.651667
173.983333
297.338333
345.868333
60.000000
291.943333
285.615000
263.335000
266.613333
285.138333
259.863333
230.968333
222.276667
234.615000
242.475000
319.381667
335.475000
273.446667
176.270000
143.216667
117.550000
85.630000
73.861667
86.833333
104.555000
183.358333
303.245000
336.026667
275.941667
285.613333
294.526667
278.526667
265.028333
284.056667
268.888333
245.383333
239.938333
245.131667
244.135000
293.023333
290.851667
241.523333
169.918333
165.610000
122.618333
79.836667
67.446667
62.666667
70.333333
106.621667
167.628333
264.770000
313.506667
355.331667
328.423333
300.868333
296.951667
305.778333
286.473333
256.106667
250.270000
265.161667
237.718333
258.001667
258.085000
223.498333
168.026667
154.748333
135.500000
82.701667
71.141667
59.056667
66.486667
96.506667
127.620000
177.911667
227.221667
326.831667
363.141667
341.221667
312.051667
283.211667
270.055000
240.556667
242.660000
256.590000
252.690000
299.501667
277.411667
216.670000
149.865000
133.720000
109.388333
76.808333
75.921667
83.613333
103.370000
179.243333
275.416667
311.718333
252.601667
278.251667
271.031667
254.945000
260.218333
277.305000
255.560000
221.308333
212.885000
228.050000
236.586667
301.746667
311.503333
251.186667
159.538333
129.133333
105.580000
68.471667
61.690000
66.438333
85.121667
170.096667
285.836667
320.810000
259.080000
276.126667
267.693333
251.301667
253.053333
281.116667
250.921667
223.081667
224.785000
241.505000
244.393333
323.166667
334.380000
267.385000
166.225000
138.138333
108.078333
65.561667
64.053333
72.583333
90.583333
178.310000
278.361667
319.725000
252.521667
264.405000
263.715000
255.473333
258.360000
276.163333
258.751667
229.913333
225.831667
249.856667
253.888333
331.055000
334.798333
259.768333
164.636667
139.530000
117.550000
78.946667
66.246667
73.275000
93.656667
172.318333
283.175000
325.616667
269.915000
289.566667
289.581667
267.336667
267.801667
286.108333
256.835000
235.273333
232.475000
252.691667
260.973333
327.108333
336.300000
279.330000
178.358333
146.913333
114.748333
81.965000
73.243333
84.275000
107.973333
188.113333
301.528333
347.478333
274.943333
286.648333
284.865000
266.333333
269.388333
291.026667
271.276667
250.935000
241.298333
241.941667
240.056667
289.741667
286.080000
235.871667
160.885000
155.083333
113.356667
77.075000
65.628333
60.801667
70.281667
116.476667
176.655000
257.243333
294.025000
346.135000
323.160000
295.198333
292.886667
289.661667
277.803333
248.190000
237.103333
238.783333
220.863333
240.386667
242.443333
205.306667
159.201667
152.105000
127.580000
76.243333
66.931667
58.940000
66.930000
100.483333
133.223333
197.211667
255.670000
341.556667
357.331667
332.725000
310.223333
288.446667
270.885000
243.491667
249.910000
243.415000
225.251667
303.303333
293.928333
242.183333
154.725000
138.696667
112.973333
80.191667
77.166667
89.266667
115.001667
192.245000
281.528333
333.498333
266.836667
281.531667
279.860000
268.093333
257.648333
277.195000
257.548333
223.415000
214.978333
220.890000
219.501667
314.723333
331.888333
268.435000
165.376667
146.331667
118.836667
87.111667
75.826667
83.940000
104.958333
187.740000
290.585000
333.408333
272.535000
286.943333
275.916667
270.195000
273.313333
295.718333
267.603333
237.833333
234.723333
241.835000
245.748333
327.948333
334.576667
264.641667
170.616667
145.621667
115.833333
82.658333
79.136667
95.383333
112.503333
193.143333
291.976667
347.030000
279.501667
282.888333
268.076667
259.253333
271.390000
276.196667
254.421667
247.720000
255.946667
240.971667
240.111667
328.728333
326.226667
270.750000
188.168333
156.780000
128.280000
89.250000
81.925000
92.381667
108.828333
195.755000
301.491667
340.783333
282.630000
292.023333
291.468333
264.580000
254.276667
275.586667
267.120000
246.058333
237.140000
241.083333
245.136667
333.750000
317.610000
262.540000
190.721667
159.386667
123.665000
99.795000
90.910000
104.410000
120.545000
198.658333
302.360000
371.415000
302.145000
305.948333
298.933333
277.580000
270.083333
285.333333
275.108333
261.578333
251.691667
251.326667
243.246667
294.220000
305.528333
252.113333
185.550000
179.696667
145.810000
93.875000
87.510000
85.030000
99.611667
127.031667
175.045000
265.460000
315.445000
363.301667
338.690000
308.995000
302.746667
300.943333
290.885000
255.113333
248.083333
261.165000
245.388333
255.246667
267.860000
227.868333
169.848333
170.858333
142.613333
92.493333
83.248333
72.065000
79.813333
109.270000
136.230000
200.650000
266.721667
349.776667
357.945000
336.391667
323.801667
302.080000
283.773333
249.976667
246.668333
278.088333
263.991667
327.365000
334.033333
272.170000
181.251667
165.568333
135.798333
103.305000
97.861667
112.718333
127.735000
192.641667
277.580000
337.148333
283.421667
356.740000
312.615000
287.005000
282.446667
292.331667
271.491667
248.970000
239.395000
251.423333
260.978333
375.021667
309.523333
250.275000
191.861667
152.003333
129.996667
97.753333
89.363333
93.800000
108.925000
184.976667
286.640000
319.888333
262.905000
272.196667
280.573333
278.911667
283.105000
292.043333
272.253333
249.981667
256.686667
257.506667
254.968333
338.081667
353.248333
287.023333
188.770000
164.940000
137.863333
96.533333
92.330000
106.520000
121.428333
206.730000
299.713333
354.058333
293.945000
301.471667
302.748333
282.195000
274.741667
293.608333
281.395000
255.445000
252.698333
254.113333
251.471667
338.025000
348.331667
286.256667
195.220000
164.276667
140.231667
99.411667
88.665000
98.006667
116.258333
193.021667
302.813333
351.420000
286.255000
295.646667
287.946667
286.438333
288.521667
315.580000
287.236667
263.323333
275.091667
280.408333
264.375000
338.471667
358.076667
298.891667
206.055000
170.110000
135.085000
107.443333
94.440000
105.128333
126.193333
198.850000
310.471667
380.746667
311.130000
285.868333
267.055000
256.473333
248.996667
289.200000
296.673333
278.025000
265.938333
270.495000
255.190000
297.118333
302.968333
254.718333
186.225000
179.803333
144.805000
91.271667
81.056667
78.801667
83.278333
115.055000
174.175000
278.285000
312.540000
369.283333
340.416667
315.721667
316.840000
318.620000
300.946667
265.640000
281.865000
315.971667
299.248333
296.031667
220.095000
186.055000
159.601667
160.775000
152.250000
121.548333
108.865000
95.141667
98.710000
108.875000
128.208333
161.815000
201.475000
283.496667
321.726667
332.055000
316.770000
281.636667
256.573333
231.910000
225.755000
238.786667
230.856667
282.800000
269.833333
222.585000
162.890000
142.896667
106.963333
86.151667
84.778333
91.781667
105.403333
158.508333
219.750000
260.166667
250.450000
277.330000
282.860000
272.615000
261.941667
267.028333
253.081667
218.148333
219.136667
225.613333
217.806667
274.600000
290.356667
246.715000
161.240000
140.431667
102.693333
83.318333
84.721667
88.580000
100.686667
150.540000
226.718333
276.413333
268.753333
269.160000
261.610000
254.983333
278.796667
321.588333
257.448333
218.995000
216.063333
231.320000
220.690000
274.550000
302.893333
255.000000
160.268333
142.246667
103.563333
72.071667
69.883333
78.213333
94.098333
155.491667
221.808333
270.475000
273.693333
276.721667
260.998333
252.083333
244.161667
246.083333
233.863333
212.026667
207.610000
214.050000
224.988333
298.001667
258.276667
190.760000
148.785000
150.125000
111.683333
78.088333
77.616667
80.351667
101.948333
154.013333
212.998333
252.445000
238.901667
258.870000
283.578333
262.731667
256.358333
267.190000
263.735000
242.056667
234.418333
247.998333
237.780000
303.585000
311.021667
267.423333
194.693333
157.673333
114.765000
75.111667
67.310000
76.420000
105.685000
184.843333
254.528333
302.660000
300.695000
314.026667
301.613333
285.138333
283.690000
275.303333
269.928333
255.055000
256.356667
270.688333
253.736667
292.776667
293.803333
247.788333
177.635000
177.778333
137.016667
86.108333
73.661667
65.828333
70.361667
100.890000
157.818333
237.460000
60.000000
335.640000
324.055000
296.143333
285.800000
283.756667
272.370000
251.098333
243.440000
260.375000
248.625000
262.710000
252.433333
215.055000
173.026667
171.988333
139.845000
98.141667
85.891667
73.926667
78.010000
105.291667
133.976667
195.875000
253.991667
325.651667
329.406667
306.830000
287.945000
272.126667
258.871667
233.983333
239.646667
244.593333
235.863333
261.840000
228.715000
194.466667
177.915000
162.003333
122.523333
97.040000
87.110000
93.826667
120.390000
190.776667
260.766667
290.666667
271.095000
300.281667
283.571667
275.058333
262.250000
280.478333
271.473333
242.443333
233.860000
230.608333
224.880000
273.276667
298.916667
275.941667
189.626667
155.661667
121.940000
89.880000
84.991667
89.720000
106.981667
176.933333
254.438333
298.740000
272.306667
282.553333
264.198333
254.693333
257.556667
266.861667
268.620000
240.446667
236.666667
248.330000
232.443333
288.283333
317.280000
269.696667
180.470000
155.411667
120.211667
87.193333
84.588333
92.718333
110.050000
182.450000
256.696667
305.110000
273.826667
279.170000
276.361667
263.865000
267.411667
276.501667
269.060000
239.611667
240.031667
243.560000
232.388333
292.021667
323.195000
279.988333
182.135000
150.388333
126.911667
82.163333
74.580000
83.640000
97.728333
159.785000
246.365000
292.831667
265.163333
276.610000
268.863333
262.776667
256.865000
269.223333
261.140000
238.583333
242.415000
245.190000
230.670000
283.833333
291.391667
245.521667
169.170000
146.831667
113.750000
84.936667
85.191667
90.385000
108.988333
188.728333
263.950000
303.173333
276.121667
286.863333
276.246667
264.780000
264.506667
270.415000
267.581667
253.086667
245.635000
251.670000
230.776667
265.415000
273.218333
232.163333
160.828333
163.195000
130.691667
84.416667
73.466667
70.861667
74.940000
103.185000
155.908333
244.665000
275.703333
322.108333
304.798333
290.381667
278.470000
276.053333
268.358333
251.945000
253.933333
267.446667
239.371667
248.801667
243.496667
212.041667
162.500000
161.558333
132.976667
92.285000
78.298333
72.123333
71.556667
95.866667
123.675000
182.526667
224.306667
308.661667
330.748333
324.828333
303.275000
274.858333
258.211667
232.583333
231.528333
245.416667
227.470000
264.386667
284.640000
247.750000
180.115000
154.636667
123.413333
92.970000
88.440000
95.746667
111.106667
182.131667
243.188333
277.610000
264.223333
287.856667
277.436667
273.440000
266.803333
271.253333
255.420000
228.136667
228.251667
238.611667
224.360000
285.275000
314.473333
267.030000
173.991667
149.023333
119.103333
87.780000
84.326667
85.411667
96.781667
163.301667
248.086667
288.193333
267.113333
286.940000
265.465000
253.476667
250.718333
263.555000
265.096667
235.676667
237.220000
241.836667
229.103333
292.468333
322.973333
274.805000
179.800000
153.270000
112.106667
84.521667
81.440000
86.938333
96.230000
182.373333
249.248333
292.173333
267.140000
277.498333
268.645000
256.538333
261.586667
261.700000
252.221667
232.368333
227.110000
233.333333
222.970000
277.406667
305.746667
264.668333
175.138333
147.606667
115.365000
78.026667
77.475000
87.551667
98.456667
167.995000
252.340000
283.435000
263.413333
277.970000
275.386667
268.055000
267.250000
277.005000
261.698333
239.798333
235.886667
244.471667
234.441667
280.615000
297.920000
255.080000
167.835000
150.273333
118.438333
89.578333
87.610000
94.691667
101.143333
175.310000
260.721667
299.360000
271.280000
286.080000
275.830000
270.810000
269.868333
267.396667
268.781667
247.141667
248.131667
252.190000
238.085000
275.466667
275.218333
234.250000
170.101667
164.248333
129.885000
87.328333
76.446667
72.226667
76.103333
101.200000
151.758333
227.940000
264.176667
316.251667
312.916667
290.720000
275.583333
272.500000
262.968333
232.856667
229.468333
243.195000
221.136667
237.333333
231.523333
205.198333
159.611667
152.023333
131.081667
82.138333
69.835000
69.363333
76.466667
88.583333
119.706667
182.901667
236.053333
309.575000
324.493333
302.668333
290.781667
261.613333
244.228333
218.493333
224.333333
251.271667
248.765000
281.555000
278.860000
231.023333
167.468333
150.140000
118.878333
92.245000
85.830000
91.941667
105.643333
180.503333
241.951667
287.381667
269.946667
292.168333
290.688333
277.198333
265.751667
262.475000
260.111667
235.301667
227.695000
232.888333
220.498333
275.526667
302.445000
266.361667
170.416667
149.368333
116.693333
86.936667
81.946667
87.358333
102.821667
166.148333
241.780000
287.778333
274.918333
286.226667
277.991667
266.055000
260.083333
265.553333
261.718333
232.023333
233.581667
247.560000
237.835000
295.191667
317.195000
270.508333
181.113333
149.530000
112.970000
81.831667
75.748333
88.028333
101.788333
167.426667
238.891667
286.385000
259.555000
276.640000
275.305000
275.893333
274.276667
277.470000
258.358333
224.326667
211.995000
216.615000
212.943333
257.613333
286.246667
243.141667
155.335000
124.336667
95.451667
69.585000
65.615000
69.578333
85.076667
140.316667
219.016667
268.675000
245.331667
259.588333
242.535000
233.646667
234.530000
233.280000
222.663333
207.055000
204.690000
210.280000
202.953333
254.203333
273.808333
229.245000
151.965000
118.416667
95.160000
68.298333
69.390000
65.716667
79.165000
140.518333
214.998333
258.756667
241.613333
248.060000
236.440000
239.666667
242.028333
259.273333
258.325000
236.480000
236.166667
249.615000
234.861667
275.273333
276.778333
231.776667
164.821667
155.325000
118.833333
76.220000
66.578333
64.466667
66.120000
100.440000
148.538333
225.185000
250.605000
303.245000
292.108333
272.370000
273.615000
271.096667
260.055000
227.905000
228.115000
240.838333
213.708333
230.473333
224.138333
193.971667
147.000000
147.018333
118.806667
76.000000
68.473333
64.831667
65.010000
84.398333
115.598333
180.303333
228.226667
300.485000
305.468333
299.831667
286.743333
253.583333
237.795000
224.391667
213.688333
235.963333
221.163333
258.835000
267.916667
231.450000
165.446667
143.835000
112.531667
85.360000
83.776667
90.081667
102.543333
172.823333
234.263333
277.721667
267.863333
279.415000
287.663333
261.386667
251.566667
262.836667
251.421667
225.271667
214.301667
224.416667
212.693333
269.420000
290.440000
244.413333
163.333333
140.695000
110.391667
79.061667
80.430000
88.038333
95.856667
162.236667
234.013333
270.613333
243.753333
269.470000
263.105000
253.690000
260.301667
260.883333
255.526667
225.190000
220.501667
235.471667
224.770000
282.218333
304.525000
255.356667
168.556667
151.473333
116.336667
86.976667
76.415000
86.968333
102.371667
176.710000
241.481667
294.555000
258.196667
282.966667
270.220000
259.498333
259.085000
263.136667
258.941667
233.886667
245.581667
257.336667
234.691667
294.858333
306.776667
253.058333
175.230000
151.388333
127.306667
85.416667
77.553333
88.478333
103.918333
171.120000
235.653333
276.753333
258.355000
272.950000
274.645000
260.420000
266.473333
275.943333
269.691667
236.080000
236.301667
250.310000
236.361667
281.753333
298.775000
251.990000
177.640000
151.745000
113.136667
82.283333
82.120000
90.748333
101.028333
175.053333
239.165000
287.668333
270.608333
285.058333
282.166667
268.526667
261.576667
258.608333
254.716667
237.830000
239.893333
252.031667
230.840000
267.033333
267.115000
217.416667
158.115000
150.861667
127.285000
80.085000
63.271667
63.133333
67.808333
106.866667
158.583333
223.073333
255.536667
305.951667
304.415000
279.215000
270.806667
271.328333
256.381667
225.125000
228.660000
247.616667
226.901667
248.275000
241.810000
203.306667
153.978333
144.585000
118.583333
80.333333
65.583333
61.578333
65.595000
88.931667
124.821667
176.708333
225.088333
297.426667
311.336667
296.943333
280.186667
249.608333
222.635000
204.945000
209.473333
230.553333
220.110000
264.896667
274.336667
228.111667
163.971667
149.866667
110.113333
84.226667
81.115000
89.280000
99.788333
168.808333
240.635000
270.700000
258.310000
285.470000
280.131667
259.858333
256.216667
255.496667
249.561667
222.385000
225.501667
237.805000
215.165000
260.885000
287.523333
245.445000
163.475000
150.251667
111.583333
78.360000
74.080000
79.918333
94.348333
164.470000
240.456667
271.676667
60.000000
290.871667
265.028333
250.026667
250.476667
257.528333
251.995000
225.223333
234.808333
245.250000
221.693333
266.973333
293.638333
246.363333
163.300000
148.336667
112.026667
78.776667
73.225000
83.971667
96.735000
162.873333
234.870000
266.226667
256.335000
281.720000
259.801667
249.921667
243.166667
255.915000
241.556667
217.833333
224.806667
242.416667
225.578333
273.171667
294.188333
245.863333
166.111667
151.401667
115.185000
81.250000
69.440000
82.695000
95.516667
161.140000
225.108333
267.790000
269.975000
295.791667
281.361667
268.550000
265.470000
278.190000
261.580000
234.191667
233.536667
244.170000
232.875000
269.916667
282.908333
239.730000
171.471667
147.365000
113.621667
80.995000
74.803333
85.168333
102.485000
168.143333
227.188333
256.000000
249.610000
266.531667
258.616667
252.208333
262.713333
265.505000
248.340000
223.035000
230.645000
247.311667
223.665000
259.038333
267.973333
220.745000
157.028333
151.675000
118.940000
78.586667
62.610000
62.778333
70.740000
107.070000
149.581667
213.826667
240.795000
287.111667
285.835000
264.716667
253.735000
253.391667
237.558333
208.073333
210.338333
233.576667
218.678333
237.166667
232.373333
203.748333
156.540000
143.636667
118.126667
77.973333
64.885000
61.023333
68.545000
100.308333
134.026667
171.455000
215.511667
280.700000
295.543333
279.733333
267.358333
241.060000
223.831667
196.890000
202.626667
227.075000
218.935000
255.568333
265.271667
217.521667
157.713333
146.413333
115.010000
93.125000
85.931667
97.648333
101.436667
150.420000
172.695000
201.455000
217.721667
253.693333
253.435000
238.751667
231.790000
238.970000
228.560000
235.951667
210.150000
221.878333
202.446667
234.301667
251.495000
216.880000
155.285000
130.160000
99.946667
72.446667
66.110000
73.413333
92.138333
145.405000
184.966667
226.443333
230.728333
259.280000
253.543333
235.800000
239.885000
249.471667
238.740000
225.011667
221.578333
235.450000
213.216667
242.238333
263.066667
230.145000
155.776667
133.651667
107.935000
78.966667
71.248333
80.106667
97.260000
152.396667
207.960000
243.090000
247.116667
262.643333
250.835000
239.091667
234.571667
240.686667
229.943333
211.345000
213.801667
222.518333
213.321667
258.140000
267.761667
231.411667
161.203333
138.578333
110.275000
78.241667
70.156667
80.493333
91.536667
133.938333
181.520000
218.475000
225.831667
246.170000
245.466667
246.191667
249.950000
259.885000
239.196667
215.673333
217.528333
228.783333
216.633333
246.993333
258.075000
216.248333
153.276667
139.028333
109.416667
85.108333
76.693333
85.301667
97.731667
150.695000
196.050000
234.191667
237.083333
261.366667
256.830000
244.748333
255.303333
250.300000
237.803333
212.918333
222.648333
237.386667
210.191667
247.895000
242.566667
206.591667
149.755000
141.311667
121.773333
81.613333
71.270000
71.415000
83.586667
113.843333
141.905000
195.598333
221.933333
260.621667
258.248333
248.470000
241.875000
234.736667
226.198333
206.068333
202.256667
220.390000
203.025000
225.588333
214.851667
180.576667
139.216667
141.721667
116.575000
80.030000
68.166667
64.461667
68.438333
86.536667
110.975000
157.175000
202.355000
267.163333
280.908333
263.623333
248.853333
229.125000
211.225000
189.570000
188.010000
212.971667
206.873333
235.096667
235.705000
192.613333
141.970000
133.746667
114.575000
84.555000
76.083333
88.108333
95.010000
128.568333
173.475000
210.888333
226.226667
255.691667
257.523333
240.226667
247.458333
252.188333
236.056667
214.613333
211.140000
225.226667
210.280000
239.980000
250.363333
208.748333
142.833333
142.101667
119.008333
93.393333
84.665000
89.580000
97.728333
143.108333
189.931667
214.130000
229.416667
257.346667
245.050000
235.246667
224.858333
232.475000
220.868333
211.445000
222.050000
233.043333
215.351667
231.031667
237.606667
192.943333
144.448333
144.858333
130.870000
92.891667
86.858333
90.498333
91.483333
119.248333
148.411667
185.796667
210.110000
264.061667
267.388333
257.058333
250.205000
231.678333
214.360000
190.930000
196.843333
214.463333
215.030000
250.950000
249.261667
202.285000
142.280000
146.101667
123.008333
93.475000
88.275000
97.973333
100.083333
132.705000
178.580000
225.060000
237.881667
271.245000
274.416667
255.111667
246.753333
240.081667
229.588333
208.805000
211.311667
224.316667
206.423333
230.340000
240.770000
197.176667
144.085000
142.413333
120.075000
102.083333
95.831667
109.306667
114.068333
144.866667
179.228333
223.555000
241.480000
270.080000
268.570000
252.846667
260.253333
253.285000
244.830000
224.483333
223.465000
236.816667
223.555000
246.966667
242.806667
200.755000
148.296667
155.775000
129.946667
97.003333
86.891667
86.336667
83.890000
102.713333
126.971667
178.461667
212.223333
256.693333
256.250000
246.533333
233.750000
232.051667
210.831667
187.861667
191.793333
210.553333
205.141667
226.550000
222.808333
190.926667
148.670000
151.903333
134.195000
99.781667
85.250000
81.140000
87.176667
98.580000
120.886667
167.820000
208.865000
271.233333
287.980000
276.901667
271.648333
248.191667
230.896667
200.343333
203.865000
229.421667
224.370000
246.315000
250.625000
196.801667
152.310000
151.001667
131.141667
105.163333
99.661667
110.273333
115.536667
151.195000
184.083333
220.730000
241.646667
271.870000
268.973333
252.868333
266.041667
265.878333
252.973333
221.433333
225.411667
245.673333
231.715000
255.618333
266.638333
214.276667
153.835000
153.473333
129.125000
105.218333
101.443333
103.123333
112.141667
146.911667
193.555000
227.585000
232.333333
263.803333
274.053333
251.650000
247.281667
255.963333
237.615000
219.891667
227.873333
241.110000
228.363333
253.933333
255.475000
219.980000
155.421667
168.588333
122.875000
101.708333
94.428333
99.320000
117.861667
210.583333
336.928333
370.553333
360.280000
409.340000
400.026667
388.996667
384.516667
390.893333
374.050000
353.011667
272.895000
230.553333
219.521667
246.765000
258.468333
218.515000
160.691667
149.543333
127.753333
102.168333
93.133333
103.465000
116.251667
144.056667
189.403333
225.051667
232.976667
270.471667
267.225000
250.111667
253.415000
278.175000
267.520000
234.286667
233.545000
238.153333
232.520000
276.485000
287.000000
228.690000
167.428333
162.476667
146.276667
116.916667
105.360000
109.886667
126.413333
169.246667
207.920000
248.698333
249.615000
267.838333
276.500000
257.888333
250.635000
247.613333
242.060000
231.136667
238.501667
249.886667
240.446667
250.581667
249.111667
203.573333
158.531667
156.886667
128.276667
96.333333
79.191667
75.393333
76.366667
109.385000
144.778333
199.080000
242.531667
294.026667
290.936667
269.885000
258.720000
259.581667
238.971667
206.856667
214.273333
228.803333
221.025000
227.973333
226.500000
186.613333
150.141667
152.888333
138.381667
103.281667
90.248333
80.695000
84.700000
101.353333
120.636667
166.683333
210.466667
278.251667
296.806667
291.303333
275.450000
249.221667
236.380000
206.803333
209.025000
243.688333
221.050000
247.055000
253.470000
204.825000
160.335000
160.218333
129.800000
108.673333
100.500000
108.670000
123.298333
166.460000
222.480000
249.278333
257.276667
294.136667
289.081667
271.611667
264.395000
270.493333
261.851667
235.133333
240.895000
254.726667
234.951667
267.871667
295.111667
243.113333
165.311667
156.113333
127.701667
101.028333
92.945000
91.523333
108.418333
167.578333
218.338333
253.805000
260.333333
286.696667
275.276667
261.746667
261.973333
280.090000
271.746667
240.716667
245.120000
253.711667
232.315000
269.260000
284.858333
238.750000
168.658333
153.830000
131.538333
92.250000
85.668333
90.633333
113.458333
157.751667
204.141667
261.720000
253.086667
293.501667
284.771667
263.948333
259.555000
266.583333
264.263333
243.860000
254.950000
267.895000
244.138333
286.066667
298.836667
236.030000
163.053333
165.290000
133.028333
97.245000
86.133333
92.933333
102.691667
154.016667
196.631667
237.155000
251.360000
281.335000
271.280000
251.691667
246.170000
259.755000
256.301667
234.440000
227.838333
227.980000
220.441667
251.030000
249.998333
211.081667
155.275000
145.778333
114.330000
93.448333
86.640000
96.885000
113.313333
161.346667
195.475000
233.826667
60.000000
273.023333
266.666667
244.806667
242.903333
260.230000
259.690000
239.598333
245.868333
247.296667
222.501667
243.036667
243.885000
205.220000
152.413333
150.888333
114.055000
88.530000
75.308333
71.386667
77.233333
107.763333
133.833333
192.311667
228.035000
288.671667
290.943333
273.805000
263.283333
260.273333
255.410000
225.911667
219.746667
228.688333
199.635000
214.720000
219.278333
186.258333
145.755000
151.330000
124.776667
86.666667
74.306667
68.891667
77.335000
91.726667
108.658333
169.391667
217.411667
295.188333
328.121667
321.538333
292.550000
263.136667
251.525000
223.333333
224.923333
245.476667
226.863333
250.360000
261.893333
213.486667
162.201667
154.941667
112.028333
83.885000
73.415000
85.433333
100.623333
160.425000
213.695000
256.690000
250.580000
280.498333
278.460000
261.145000
258.898333
272.546667
259.668333
222.223333
230.805000
237.803333
211.148333
270.466667
286.335000
233.498333
154.723333
141.640000
117.360000
88.750000
82.773333
83.865000
103.335000
166.000000
235.356667
271.781667
254.045000
268.613333
261.333333
244.388333
257.098333
271.528333
259.160000
239.038333
237.528333
234.803333
222.491667
279.415000
300.250000
242.005000
159.085000
150.283333
128.451667
87.118333
81.031667
93.996667
125.128333
194.091667
234.521667
275.640000
262.751667
279.330000
270.118333
251.223333
262.260000
276.545000
275.748333
333.930000
267.476667
252.978333
252.521667
353.553333
349.748333
294.086667
172.530000
195.838333
144.108333
107.033333
129.505000
164.276667
242.888333
209.511667
274.305000
313.756667
312.636667
326.916667
302.168333
287.080000
266.381667
275.203333
260.680000
232.170000
235.866667
232.363333
218.505000
274.171667
289.191667
239.996667
165.281667
147.330000
118.773333
98.088333
92.385000
96.300000
118.680000
182.100000
240.123333
293.880000
270.195000
293.091667
290.980000
256.641667
257.003333
267.081667
269.016667
249.903333
254.631667
253.575000
232.810000
269.886667
257.110000
212.815000
153.450000
156.583333
123.023333
90.355000
72.725000
70.551667
77.938333
107.058333
131.395000
209.993333
254.976667
315.888333
313.111667
294.341667
278.976667
269.058333
260.778333
229.136667
235.161667
258.998333
223.000000
236.365000
219.856667
190.678333
149.476667
155.418333
130.533333
98.543333
84.016667
72.778333
79.706667
94.031667
116.748333
164.810000
221.668333
297.566667
325.945000
314.951667
289.773333
264.046667
247.668333
222.800000
223.655000
242.431667
222.471667
251.480000
255.615000
213.301667
158.385000
150.996667
120.073333
100.675000
93.726667
100.368333
110.766667
159.093333
222.818333
280.503333
266.248333
299.168333
288.950000
272.968333
254.893333
266.770000
255.155000
227.303333
233.181667
231.173333
216.335000
254.316667
252.320000
210.386667
148.346667
159.386667
132.493333
106.135000
95.130000
94.463333
98.011667
131.816667
168.295000
223.388333
244.005000
313.458333
331.403333
312.111667
296.136667
281.391667
263.226667
226.341667
229.938333
246.665000
236.268333
269.683333
288.460000
229.681667
155.643333
146.018333
118.446667
83.768333
76.666667
85.930000
104.260000
168.260000
268.188333
318.533333
257.975000
276.098333
274.400000
247.215000
247.768333
264.846667
248.385000
226.868333
231.146667
247.700000
245.106667
304.468333
291.216667
236.926667
155.546667
139.903333
121.433333
88.723333
82.328333
93.005000
106.518333
175.345000
271.803333
307.056667
253.808333
266.966667
252.553333
246.523333
262.560000
276.948333
261.646667
233.935000
230.543333
244.611667
244.456667
319.241667
312.795000
250.440000
163.795000
148.886667
124.261667
99.836667
92.416667
99.275000
113.668333
186.533333
284.378333
321.706667
267.128333
291.373333
275.296667
248.576667
247.695000
267.730000
260.603333
236.760000
227.655000
235.298333
229.940000
278.280000
274.863333
233.970000
162.991667
158.181667
126.543333
85.105000
72.578333
69.580000
76.468333
99.575000
139.818333
224.175000
277.225000
338.068333
326.775000
299.160000
290.036667
285.945000
276.505000
245.933333
247.385000
256.911667
230.213333
245.283333
245.231667
217.441667
166.245000
171.858333
140.296667
94.481667
81.166667
74.783333
81.120000
97.020000
120.071667
180.306667
234.660000
323.176667
343.828333
328.026667
305.225000
278.548333
258.828333
227.411667
229.921667
245.765000
244.655000
303.946667
300.025000
238.568333
156.555000
146.815000
123.618333
97.868333
91.306667
101.510000
114.450000
186.343333
284.533333
321.471667
261.120000
284.913333
285.658333
262.036667
254.506667
272.310000
246.698333
223.613333
228.545000
240.348333
249.263333
313.356667
304.938333
245.106667
155.728333
143.210000
122.756667
98.751667
91.236667
100.371667
114.940000
184.025000
280.180000
314.595000
262.116667
273.226667
263.091667
247.035000
250.261667
267.225000
250.971667
223.870000
221.071667
237.195000
246.763333
326.638333
309.135000
249.986667
173.295000
141.883333
119.358333
86.060000
81.538333
86.436667
105.671667
179.805000
280.138333
309.700000
246.295000
250.260000
245.591667
232.571667
235.018333
258.520000
246.613333
220.458333
216.963333
228.290000
235.155000
311.751667
296.593333
234.985000
154.221667
140.668333
114.690000
72.015000
66.238333
73.130000
90.688333
163.683333
262.198333
292.491667
239.731667
260.396667
258.931667
252.378333
245.731667
267.693333
256.336667
227.425000
216.480000
231.070000
237.255000
315.118333
310.575000
251.813333
156.666667
141.361667
111.788333
77.518333
72.938333
80.120000
102.566667
173.695000
268.113333
306.178333
265.830000
273.621667
272.348333
253.771667
254.061667
277.453333
267.116667
248.941667
234.235000
243.406667
231.900000
289.780000
279.998333
222.115000
157.756667
157.826667
117.123333
77.086667
64.783333
63.353333
73.260000
94.798333
134.501667
229.086667
279.121667
347.188333
332.755000
304.313333
288.976667
285.606667
278.251667
250.005000
248.990000
243.786667
213.441667
233.940000
232.835000
199.520000
149.531667
160.785000
125.085000
85.125000
69.343333
66.510000
70.128333
88.003333
108.841667
171.180000
227.386667
315.568333
337.918333
321.600000
302.063333
285.818333
256.820000
224.221667
213.786667
223.670000
216.835000
268.336667
264.945000
210.968333
163.515000
151.100000
121.710000
88.016667
85.081667
88.481667
102.661667
149.035000
245.343333
311.383333
276.146667
315.966667
307.785000
280.613333
280.861667
293.471667
268.640000
238.468333
232.090000
244.866667
247.996667
314.055000
300.581667
237.495000
160.760000
147.998333
127.728333
91.775000
84.066667
87.475000
104.220000
172.228333
279.276667
325.941667
264.456667
272.053333
264.275000
248.095000
255.185000
278.796667
260.773333
229.105000
224.363333
239.380000
248.540000
313.468333
301.898333
247.333333
165.488333
138.160000
117.848333
87.268333
84.295000
82.091667
103.373333
173.275000
279.376667
319.921667
263.830000
271.025000
259.848333
241.460000
248.233333
273.570000
258.661667
228.356667
218.308333
228.023333
232.888333
310.938333
303.031667
242.110000
154.748333
141.055000
116.428333
84.698333
78.856667
87.616667
98.573333
168.668333
275.801667
302.865000
246.923333
268.223333
266.428333
244.375000
246.498333
266.038333
257.671667
223.968333
213.403333
230.016667
240.066667
307.810000
298.758333
237.573333
153.736667
139.783333
118.020000
91.748333
90.841667
91.390000
107.566667
182.575000
273.911667
311.516667
260.680000
275.553333
262.055000
241.531667
237.698333
258.920000
255.715000
235.966667
227.281667
233.681667
223.656667
273.756667
265.801667
218.190000
153.220000
147.178333
111.311667
74.201667
67.823333
64.185000
72.818333
94.211667
133.603333
223.128333
260.958333
308.961667
302.085000
286.666667
277.473333
275.731667
266.060000
235.063333
226.013333
224.460000
199.540000
224.481667
228.391667
189.553333
138.860000
148.473333
113.066667
70.101667
59.685000
57.205000
62.918333
74.386667
93.693333
163.005000
56.000000
351.410000
382.641667
350.508333
315.426667
282.980000
265.278333
236.236667
223.766667
231.091667
220.930000
277.428333
275.975000
216.593333
141.601667
128.696667
104.886667
74.923333
74.901667
78.048333
90.338333
156.990000
267.731667
299.546667
239.026667
258.631667
254.593333
236.031667
238.156667
262.345000
246.328333
211.360000
199.310000
206.483333
218.470000
289.896667
284.460000
216.626667
136.670000
129.660000
109.001667
77.035000
79.710000
79.461667
94.948333
147.435000
250.781667
289.606667
232.396667
257.375000
248.783333
234.730000
239.665000
264.563333
244.448333
212.551667
198.570000
212.791667
228.053333
308.425000
284.575000
215.326667
147.628333
121.195000
105.703333
72.216667
67.358333
71.900000
84.850000
159.408333
274.935000
299.818333
239.881667
254.926667
248.463333
235.285000
237.603333
266.851667
250.453333
221.116667
207.238333
218.036667
231.106667
305.918333
288.345000
218.423333
137.766667
131.511667
110.523333
73.150000
73.461667
83.040000
95.078333
155.281667
258.778333
301.900000
247.236667
274.445000
262.255000
245.183333
248.658333
270.635000
258.156667
227.101667
208.461667
221.791667
235.166667
298.873333
286.843333
220.893333
137.350000
122.541667
101.066667
67.858333
71.550000
73.628333
80.250000
148.331667
260.403333
316.590000
255.893333
271.253333
265.808333
241.981667
250.980000
273.995000
261.405000
236.620000
226.613333
224.155000
221.361667
277.340000
270.155000
219.436667
143.146667
148.828333
102.395000
67.726667
58.573333
54.261667
66.301667
85.983333
124.133333
230.798333
294.165000
358.536667
342.486667
310.831667
291.110000
292.206667
289.223333
258.983333
237.613333
224.390000
196.120000
222.790000
220.520000
182.961667
133.813333
151.998333
115.510000
77.110000
67.120000
65.886667
70.018333
78.865000
99.713333
170.445000
247.593333
355.231667
362.471667
336.635000
307.823333
291.953333
270.411667
237.731667
230.663333
255.258333
248.746667
253.201667
238.671667
218.251667
144.390000
132.143333
112.101667
88.143333
88.105000
96.321667
102.691667
160.611667
266.408333
302.788333
248.448333
271.945000
269.808333
254.881667
257.478333
295.101667
261.438333
217.721667
211.116667
223.150000
237.155000
302.743333
291.896667
225.380000
142.590000
133.708333
111.126667
70.133333
67.851667
76.968333
91.333333
155.256667
263.850000
309.561667
252.981667
274.158333
267.270000
250.423333
252.003333
276.680000
254.513333
226.018333
219.325000
231.613333
247.833333
321.840000
306.583333
236.303333
154.053333
133.136667
108.316667
79.571667
75.483333
75.496667
89.923333
159.593333
276.525000
323.598333
254.131667
269.683333
265.610000
241.780000
244.486667
271.426667
254.255000
222.796667
212.856667
228.570000
240.263333
310.321667
302.130000
230.176667
147.235000
136.526667
110.281667
68.441667
60.680000
70.375000
83.916667
144.795000
253.096667
295.626667
243.918333
264.941667
255.111667
231.471667
231.796667
257.333333
240.586667
217.053333
203.111667
209.080000
207.618333
258.915000
251.051667
205.348333
136.355000
136.220000
93.440000
62.278333
58.086667
58.396667
69.875000
97.850000
117.773333
192.895000
248.035000
332.331667
344.525000
316.358333
287.730000
272.463333
256.498333
221.346667
212.023333
199.896667
188.541667
214.251667
208.026667
176.395000
126.773333
132.825000
99.746667
63.128333
55.135000
53.775000
56.646667
76.233333
102.625000
178.775000
243.025000
322.116667
314.813333
282.920000
268.933333
272.863333
268.411667
231.520000
220.301667
212.331667
188.316667
216.018333
215.110000
179.641667
129.623333
140.548333
106.253333
71.855000
62.415000
59.830000
64.265000
69.508333
89.158333
150.948333
216.546667
333.753333
349.246667
317.060000
294.275000
278.206667
258.085000
219.213333
218.675000
234.306667
224.400000
282.470000
272.638333
201.063333
139.676667
126.366667
98.021667
57.178333
54.261667
65.563333
79.281667
145.900000
252.123333
294.428333
242.946667
279.665000
273.896667
259.606667
259.195000
274.776667
258.111667
222.613333
216.248333
220.215000
235.456667
306.226667
294.253333
231.061667
141.683333
128.171667
108.930000
60.741667
54.775000
61.060000
78.493333
140.098333
242.415000
287.053333
235.065000
258.850000
255.366667
238.923333
250.836667
271.768333
253.940000
221.668333
204.938333
221.588333
241.135000
319.890000
292.396667
227.483333
149.991667
128.660000
104.938333
66.501667
61.560000
68.723333
78.675000
141.395000
248.550000
298.113333
235.220000
258.370000
255.098333
237.248333
246.748333
268.610000
250.445000
220.080000
207.528333
226.000000
243.483333
316.220000
297.223333
228.381667
141.216667
129.410000
113.463333
62.555000
59.490000
83.945000
130.525000
151.128333
241.335000
286.756667
235.225000
256.891667
252.048333
238.010000
245.436667
264.366667
248.925000
228.330000
211.078333
223.231667
240.045000
310.273333
292.203333
228.866667
141.301667
135.665000
106.490000
66.941667
61.680000
67.516667
78.720000
137.401667
244.561667
274.031667
229.010000
256.523333
249.391667
237.535000
248.403333
270.630000
273.306667
240.215000
231.546667
232.820000
229.106667
277.335000
260.416667
204.623333
139.270000
146.026667
103.868333
66.815000
60.861667
58.243333
62.900000
79.168333
117.443333
206.580000
280.891667
364.416667
357.721667
321.495000
307.838333
305.476667
294.750000
253.136667
239.091667
231.670000
203.721667
234.468333
231.803333
190.701667
134.826667
151.223333
118.746667
75.238333
66.608333
61.528333
63.615000
73.348333
93.325000
150.055000
229.300000
352.916667
403.058333
372.920000
330.675000
291.666667
270.285000
233.333333
221.148333
236.526667
238.000000
279.751667
268.416667
196.768333
141.395000
123.801667
101.775000
62.766667
63.491667
68.691667
81.663333
144.375000
245.043333
282.171667
233.723333
267.775000
272.716667
254.565000
253.953333
270.190000
251.393333
216.088333
206.480000
214.601667
230.058333
301.148333
289.498333
227.248333
137.521667
131.418333
110.348333
63.221667
57.705000
60.373333
77.083333
142.806667
246.698333
285.666667
238.856667
261.220000
260.733333
237.160000
250.521667
272.451667
253.583333
226.435000
209.466667
229.458333
247.873333
317.561667
291.891667
226.563333
153.001667
130.476667
107.650000
63.498333
61.136667
61.183333
78.195000
144.355000
255.881667
296.386667
241.888333
261.748333
258.618333
238.586667
261.631667
281.186667
268.278333
239.291667
227.600000
242.260000
248.036667
314.220000
293.776667
222.386667
146.166667
124.721667
103.991667
63.748333
57.830000
62.741667
79.098333
166.586667
274.288333
297.493333
238.800000
253.143333
249.308333
232.441667
235.880000
257.551667
235.031667
211.470000
200.388333
221.751667
233.641667
299.883333
290.806667
229.355000
143.686667
131.338333
99.118333
64.538333
61.035000
62.031667
78.681667
159.806667
272.088333
300.488333
244.341667
257.895000
249.611667
241.363333
259.398333
276.026667
266.043333
242.250000
227.911667
231.965000
220.795000
260.446667
254.226667
205.921667
142.630000
144.350000
106.755000
67.555000
60.553333
58.306667
65.843333
96.066667
128.675000
228.281667
305.173333
353.411667
337.081667
316.148333
295.845000
304.380000
302.226667
271.595000
253.875000
246.028333
215.926667
238.981667
237.423333
193.160000
144.185000
158.316667
117.163333
72.028333
62.458333
57.463333
61.495000
84.575000
134.088333
243.666667
304.600000
384.130000
368.425000
338.421667
307.526667
281.436667
265.328333
235.771667
231.890000
246.798333
243.403333
272.363333
255.141667
192.000000
142.803333
121.806667
119.141667
61.905000
61.146667
64.856667
92.180000
168.948333
296.805000
322.296667
273.946667
288.948333
279.823333
255.645000
259.481667
332.158333
340.468333
301.555000
283.661667
302.201667
313.553333
394.443333
391.420000
292.830000
209.136667
154.270000
121.123333
67.648333
72.095000
74.966667
85.275000
191.328333
361.953333
408.805000
343.383333
362.080000
359.005000
335.326667
339.190000
364.228333
341.478333
306.338333
286.210000
307.671667
318.466667
388.778333
378.331667
304.298333
209.513333
153.240000
111.696667
64.415000
62.911667
66.388333
84.371667
189.678333
361.053333
397.975000
60.000000
352.568333
418.256667
375.525000
329.675000
373.308333
348.353333
308.555000
289.631667
301.120000
291.505000
337.748333
322.111667
265.195000
198.910000
184.475000
122.361667
78.143333
69.970000
63.043333
76.153333
98.783333
183.180000
277.150000
352.870000
485.085000
497.470000
452.616667
405.670000
379.368333
352.781667
310.945000
284.861667
283.141667
256.663333
293.810000
293.250000
242.390000
189.690000
165.395000
102.871667
57.718333
52.668333
54.166667
68.465000
140.141667
242.413333
341.446667
371.321667
416.030000
391.923333
355.728333
344.946667
356.275000
360.748333
328.193333
297.753333
291.061667
262.291667
312.975000
311.388333
276.615000
188.308333
163.111667
103.441667
61.310000
54.750000
51.803333
66.910000
110.070000
170.971667
270.118333
340.093333
432.056667
417.721667
380.668333
371.331667
372.615000
366.613333
316.946667
302.585000
288.055000
235.118333
279.806667
282.835000
246.408333
183.833333
163.238333
118.146667
65.110000
59.071667
56.268333
65.206667
97.365000
104.086667
189.610000
295.835000
433.668333
460.446667
430.555000
401.056667
368.140000
350.088333
313.201667
297.923333
313.446667
290.056667
343.448333
337.551667
267.415000
182.276667
145.423333
121.385000
64.736667
62.853333
64.276667
76.280000
171.185000
354.328333
406.221667
346.995000
377.030000
362.111667
335.868333
350.988333
376.440000
351.973333
301.670000
281.725000
345.093333
365.950000
399.915000
375.388333
307.226667
195.960000
149.050000
104.606667
58.596667
53.285000
57.615000
78.576667
134.328333
244.301667
291.941667
232.945000
257.443333
242.755000
229.503333
233.305000
264.718333
241.468333
215.891667
205.081667
224.223333
241.098333
304.441667
291.025000
217.421667
142.876667
116.555000
105.240000
65.881667
59.001667
59.056667
74.916667
141.076667
260.220000
299.298333
243.493333
251.555000
248.056667
231.051667
236.721667
259.583333
246.578333
214.193333
201.298333
224.195000
233.055000
297.328333
278.721667
216.230000
141.721667
123.781667
103.915000
56.835000
53.856667
55.856667
73.305000
134.746667
246.225000
289.473333
233.701667
256.278333
249.753333
232.668333
247.916667
275.081667
249.420000
217.720000
200.111667
221.970000
231.466667
289.078333
284.991667
219.445000
140.285000
125.085000
101.826667
58.460000
53.386667
57.526667
75.343333
135.493333
253.025000
293.136667
242.683333
252.113333
251.446667
239.663333
244.968333
258.353333
250.273333
227.000000
211.306667
219.423333
211.781667
248.195000
245.858333
200.801667
140.950000
146.165000
96.630000
67.430000
61.798333
58.780000
66.871667
79.596667
122.393333
216.366667
279.755000
343.915000
329.918333
297.581667
280.161667
302.788333
291.660000
249.930000
233.481667
223.336667
193.388333
214.711667
215.791667
182.065000
132.323333
136.110000
107.143333
70.231667
67.195000
64.031667
70.830000
114.231667
103.555000
168.415000
230.125000
334.413333
357.366667
329.898333
298.311667
277.063333
263.936667
228.493333
222.941667
230.003333
219.403333
265.175000
255.420000
189.451667
133.910000
134.805000
106.078333
67.081667
67.995000
73.578333
91.323333
152.081667
262.321667
310.155000
256.736667
285.905000
278.893333
262.621667
262.585000
283.016667
264.773333
227.470000
211.070000
222.278333
234.331667
294.793333
290.728333
230.425000
139.303333
131.248333
105.566667
66.755000
68.821667
72.691667
90.326667
147.163333
250.416667
289.380000
234.153333
254.760000
246.506667
231.940000
235.863333
260.023333
244.591667
213.863333
200.690000
212.903333
219.740000
278.056667
272.251667
212.691667
143.083333
133.476667
106.416667
66.608333
64.458333
67.366667
81.765000
127.356667
183.671667
229.345000
246.086667
311.156667
315.200000
297.605000
284.973333
288.536667
268.458333
233.821667
221.951667
231.240000
238.540000
292.315000
281.501667
215.206667
137.041667
127.161667
106.175000
67.870000
64.531667
66.583333
84.390000
170.531667
359.256667
302.756667
240.710000
265.933333
260.070000
239.466667
243.210000
265.051667
248.985000
215.341667
204.658333
221.596667
228.330000
293.661667
286.708333
219.693333
135.115000
135.695000
101.548333
61.758333
60.035000
65.481667
85.261667
149.291667
255.240000
301.930000
248.260000
275.686667
263.920000
247.783333
250.815000
269.281667
264.585000
237.135000
222.805000
225.250000
220.650000
263.175000
254.108333
205.595000
141.991667
146.980000
103.636667
70.213333
65.808333
62.945000
73.370000
90.366667
131.353333
219.680000
275.590000
344.410000
335.200000
302.680000
287.173333
290.701667
282.236667
244.520000
228.660000
222.395000
197.036667
213.936667
216.425000
186.611667
136.665000
144.481667
117.291667
73.591667
67.503333
66.066667
69.411667
79.786667
104.698333
164.136667
230.973333
348.295000
388.073333
373.248333
321.415000
295.938333
277.765000
239.230000
227.361667
239.266667
232.461667
266.861667
257.351667
201.403333
135.876667
130.230000
108.565000
66.270000
65.895000
67.605000
86.555000
148.750000
252.980000
294.513333
243.855000
277.926667
272.356667
255.386667
253.770000
273.460000
249.943333
217.121667
206.751667
223.638333
231.748333
293.940000
289.025000
292.543333
187.103333
128.291667
106.715000
66.063333
64.975000
70.696667
89.080000
152.880000
249.551667
295.430000
243.746667
266.826667
258.198333
243.498333
252.835000
281.431667
254.148333
218.840000
209.851667
221.956667
238.830000
308.943333
295.488333
223.998333
142.626667
127.321667
104.285000
64.086667
60.580000
64.463333
87.855000
151.736667
252.348333
295.015000
237.840000
257.433333
249.033333
237.180000
246.206667
267.303333
251.250000
220.213333
209.316667
227.121667
240.096667
302.796667
287.980000
221.996667
140.886667
126.390000
106.161667
61.063333
60.263333
62.983333
86.106667
147.991667
248.756667
296.966667
243.433333
261.366667
257.143333
241.790000
248.516667
269.323333
253.498333
220.285000
208.180000
225.016667
231.553333
296.950000
286.990000
228.255000
140.596667
129.426667
99.913333
61.893333
60.241667
63.243333
86.856667
147.270000
252.780000
301.803333
247.990000
270.961667
268.111667
247.288333
247.991667
267.571667
264.556667
240.480000
224.781667
226.895000
224.408333
262.065000
256.690000
206.153333
138.756667
147.383333
106.235000
70.053333
63.513333
61.051667
75.228333
90.991667
130.410000
228.453333
295.278333
370.081667
353.748333
314.120000
297.561667
301.945000
295.615000
256.846667
239.291667
229.721667
202.430000
222.421667
228.305000
187.731667
136.393333
152.803333
117.800000
74.876667
67.516667
62.033333
71.133333
85.163333
111.821667
182.821667
259.238333
376.763333
388.938333
342.773333
301.688333
284.628333
276.675000
252.241667
233.161667
236.525000
231.138333
264.736667
248.976667
188.886667
140.945000
128.296667
104.315000
62.956667
64.140000
68.755000
87.510000
142.265000
245.631667
288.245000
237.306667
265.886667
261.363333
248.726667
251.911667
273.665000
251.926667
217.241667
206.036667
220.861667
231.765000
291.195000
289.001667
221.788333
134.543333
122.880000
105.775000
63.891667
63.711667
65.246667
86.428333
146.675000
244.190000
278.625000
228.308333
248.171667
241.730000
231.838333
237.335000
262.878333
246.125000
212.126667
207.525000
226.676667
240.265000
300.468333
289.716667
215.920000
135.933333
129.260000
107.243333
66.185000
64.196667
69.378333
87.491667
144.475000
249.608333
291.893333
240.183333
253.668333
244.433333
233.991667
242.285000
269.793333
252.631667
222.851667
214.566667
229.028333
241.038333
307.581667
294.416667
224.488333
145.398333
130.685000
107.440000
68.958333
67.095000
67.808333
85.890000
145.878333
238.846667
283.488333
238.725000
257.768333
252.623333
236.895000
234.698333
252.648333
244.063333
215.851667
204.336667
221.390000
221.905000
276.456667
276.418333
214.165000
139.140000
135.890000
102.438333
65.566667
64.626667
66.431667
85.991667
149.688333
253.228333
299.748333
56.000000
271.846667
265.528333
250.231667
245.453333
272.061667
266.030000
241.730000
224.876667
225.705000
216.291667
261.790000
259.163333
204.158333
141.843333
150.148333
107.013333
69.781667
63.816667
61.950000
70.286667
88.400000
131.410000
221.481667
291.711667
365.956667
352.886667
316.136667
296.045000
303.923333
301.911667
259.421667
237.753333
229.235000
202.971667
216.066667
219.010000
184.358333
137.540000
150.568333
118.445000
75.805000
68.033333
64.051667
69.886667
80.098333
103.203333
163.506667
242.781667
367.026667
396.428333
363.118333
318.676667
296.778333
288.861667
248.980000
226.150000
237.063333
234.486667
270.750000
267.041667
199.481667
136.290000
135.076667
107.093333
64.955000
64.703333
66.870000
86.510000
144.533333
242.591667
293.111667
244.560000
279.038333
271.213333
252.071667
254.100000
276.205000
258.718333
223.588333
208.906667
219.380000
231.651667
293.926667
289.510000
226.225000
138.655000
127.798333
109.301667
67.451667
67.108333
68.646667
84.450000
143.370000
246.163333
284.921667
237.896667
256.476667
251.486667
240.920000
247.221667
271.275000
255.671667
224.540000
210.968333
220.730000
235.460000
303.613333
290.446667
217.196667
139.198333
131.820000
101.515000
64.538333
60.776667
65.450000
82.473333
144.685000
239.878333
294.218333
247.625000
266.351667
250.335000
239.181667
248.323333
276.475000
263.278333
232.898333
218.796667
223.663333
215.785000
270.528333
258.160000
209.943333
144.226667
154.510000
103.611667
79.336667
67.366667
67.665000
76.856667
96.155000
132.558333
204.506667
276.485000
382.898333
379.396667
330.795000
290.960000
271.411667
264.820000
228.743333
204.560000
192.383333
172.670000
201.478333
214.688333
171.286667
123.136667
130.090000
91.053333
63.041667
62.011667
64.015000
77.385000
105.235000
152.216667
229.746667
270.190000
326.853333
311.258333
276.483333
259.763333
270.988333
270.928333
243.931667
220.841667
211.196667
193.591667
230.018333
232.050000
199.543333
138.520000
151.846667
104.418333
71.428333
64.800000
61.655000
71.485000
82.330000
109.588333
186.916667
269.303333
370.833333
366.396667
316.401667
288.451667
281.776667
275.258333
241.680000
226.481667
213.326667
186.483333
207.126667
211.880000
183.168333
135.761667
147.320000
117.908333
76.676667
67.230000
66.975000
70.421667
77.821667
98.638333
155.381667
228.860000
349.828333
380.111667
356.341667
320.831667
297.381667
279.573333
241.366667
227.020000
237.500000
232.473333
274.846667
260.563333
200.445000
148.426667
133.395000
106.851667
64.748333
62.463333
67.230000
86.468333
147.485000
244.796667
293.580000
250.628333
277.465000
277.500000
258.675000
257.246667
275.206667
253.980000
217.488333
208.141667
217.991667
227.310000
289.885000
288.153333
226.416667
143.275000
127.463333
111.108333
64.918333
62.076667
66.660000
85.231667
143.981667
246.558333
288.813333
240.806667
263.808333
256.541667
241.260000
250.390000
272.520000
256.065000
221.981667
206.403333
224.928333
236.076667
309.830000
300.886667
235.666667
147.288333
132.938333
108.155000
66.455000
61.306667
64.853333
85.391667
146.433333
248.290000
295.110000
244.305000
261.025000
254.126667
244.558333
248.028333
266.181667
251.825000
219.018333
211.371667
225.548333
233.155000
298.401667
291.228333
229.663333
144.861667
132.898333
114.171667
68.165000
64.861667
66.461667
83.605000
140.888333
243.015000
290.543333
240.480000
258.810000
254.168333
237.643333
242.613333
263.646667
251.806667
221.818333
208.326667
224.881667
235.168333
294.473333
289.256667
228.668333
146.626667
136.203333
103.935000
65.845000
63.120000
68.046667
89.248333
144.698333
239.673333
289.525000
248.581667
270.743333
267.835000
248.365000
246.093333
265.073333
258.033333
235.038333
220.285000
228.511667
224.533333
263.515000
253.305000
205.188333
142.716667
147.716667
108.618333
72.753333
67.030000
64.380000
73.853333
89.455000
130.050000
217.628333
283.231667
360.235000
347.770000
316.781667
297.738333
300.601667
302.603333
263.278333
241.183333
232.356667
205.653333
224.401667
221.778333
186.788333
139.090000
149.388333
119.671667
77.721667
67.213333
64.875000
72.236667
85.416667
109.110000
181.038333
265.568333
373.825000
386.718333
347.416667
314.573333
295.126667
281.176667
243.850000
228.436667
239.481667
222.546667
267.193333
261.525000
205.350000
156.251667
142.571667
114.046667
70.503333
66.716667
70.576667
90.225000
149.188333
249.946667
297.168333
250.693333
278.728333
271.238333
250.285000
249.830000
273.495000
254.485000
216.325000
206.313333
217.170000
229.953333
300.306667
292.003333
226.928333
145.225000
126.326667
109.551667
63.421667
61.431667
66.101667
84.680000
142.366667
248.496667
297.146667
247.745000
266.916667
257.980000
239.980000
247.103333
271.961667
249.478333
222.091667
210.073333
224.900000
231.938333
295.406667
292.630000
231.126667
149.395000
133.168333
104.400000
67.998333
63.640000
66.710000
89.161667
148.531667
255.321667
302.815000
244.513333
258.965000
249.531667
237.703333
237.301667
252.173333
230.173333
204.566667
196.620000
205.591667
216.563333
280.313333
276.326667
220.841667
134.570000
125.325000
110.061667
69.030000
65.545000
68.115000
82.563333
134.241667
314.651667
292.423333
236.048333
246.635000
234.351667
228.055000
228.581667
250.301667
232.460000
201.088333
192.185000
202.620000
214.860000
275.456667
268.946667
214.690000
135.533333
122.735000
101.183333
64.613333
61.858333
63.181667
86.728333
135.668333
229.675000
296.913333
248.761667
260.753333
249.500000
229.011667
224.398333
244.735000
244.010000
227.311667
211.766667
208.426667
201.688333
240.598333
236.830000
191.488333
130.343333
141.335000
106.185000
72.450000
67.431667
58.303333
71.373333
87.491667
122.465000
207.448333
272.660000
335.341667
321.985000
287.103333
273.120000
274.338333
276.483333
242.931667
224.753333
210.645000
183.823333
210.098333
204.238333
175.850000
132.631667
147.905000
111.096667
78.243333
70.450000
67.030000
72.198333
73.260000
97.553333
166.938333
250.280000
357.456667
362.768333
327.406667
298.461667
281.833333
264.441667
232.515000
212.561667
207.080000
188.876667
217.131667
223.171667
185.616667
134.803333
132.968333
116.775000
65.973333
66.141667
66.216667
78.861667
102.611667
152.823333
230.748333
272.373333
318.158333
296.328333
270.441667
255.878333
271.636667
282.463333
265.198333
273.238333
303.395000
283.835000
270.515000
190.238333
156.655000
144.030000
151.001667
135.523333
109.021667
90.205000
77.176667
78.496667
76.991667
92.818333
133.033333
189.885000
304.695000
369.261667
384.278333
327.015000
229.738333
197.860000
197.673333
186.293333
184.511667
182.643333
202.583333
205.136667
176.768333
138.071667
124.168333
108.848333
75.513333
68.971667
62.125000
76.771667
76.468333
96.883333
142.370000
205.650000
338.090000
402.016667
399.786667
327.511667
241.280000
215.248333
202.608333
190.610000
193.201667
187.086667
213.833333
216.486667
183.446667
131.738333
132.890000
96.656667
67.330000
68.671667
64.960000
83.593333
105.258333
153.446667
215.138333
244.473333
299.195000
293.365000
266.316667
253.240000
271.326667
265.230000
225.126667
206.925000
202.135000
184.485000
234.876667
240.415000
199.626667
129.086667
142.205000
92.938333
74.130000
70.893333
71.190000
87.385000
110.160000
156.316667
216.365000
241.363333
290.915000
286.116667
262.573333
251.855000
263.218333
259.065000
231.715000
217.930000
209.370000
190.663333
231.460000
230.388333
185.801667
134.178333
136.383333
107.761667
70.825000
64.330000
64.521667
75.133333
79.650000
109.096667
181.731667
247.316667
328.660000
331.866667
300.611667
276.796667
276.690000
273.140000
236.580000
216.731667
207.151667
186.330000
203.610000
204.700000
177.441667
135.138333
138.481667
109.988333
70.758333
71.455000
67.405000
70.313333
76.488333
92.083333
144.780000
217.296667
326.440000
358.720000
333.408333
296.371667
275.861667
267.175000
203.591667
181.046667
171.596667
157.453333
174.953333
182.885000
152.765000
129.555000
128.351667
111.920000
66.751667
61.080000
62.100000
73.051667
91.585000
120.555000
179.758333
56.000000
252.308333
242.713333
222.365000
211.725000
229.853333
235.311667
213.431667
220.325000
265.275000
261.821667
259.310000
174.216667
137.076667
129.390000
