3.000000
2.841667
2.373333
1.863333
1.280000
1.146667
1.106667
1.336667
2.070000
4.033333
6.195000
8.050000
8.833333
8.171667
6.303333
4.501667
4.573333
4.266667
4.338333
5.266667
4.628333
4.595000
3.438333
2.351667
1.701667
1.211667
1.225000
1.095000
0.728333
1.466667
2.486667
4.223333
5.158333
6.265000
6.508333
6.771667
6.586667
6.545000
5.855000
5.893333
4.965000
4.793333
3.923333
4.743333
5.226667
5.903333
4.425000
2.495000
1.998333
1.313333
1.028333
0.898333
0.771667
1.111667
2.603333
4.713333
5.770000
6.683333
6.515000
6.276667
6.495000
6.085000
6.016667
5.828333
5.011667
4.085000
3.881667
4.906667
5.430000
5.808333
4.206667
2.935000
1.876667
1.478333
1.298333
1.091667
0.940000
1.153333
2.581667
4.555000
5.605000
5.953333
6.256667
5.716667
5.248333
5.475000
5.740000
5.471667
4.878333
4.438333
4.055000
4.911667
5.080000
5.886667
4.231667
2.708333
2.245000
1.451667
1.298333
1.036667
0.958333
1.213333
2.565000
4.653333
5.965000
6.753333
6.488333
5.681667
5.515000
5.275000
5.681667
6.298333
6.053333
5.755000
5.265000
3.925000
3.465000
4.091667
3.838333
3.178333
2.553333
1.965000
1.845000
1.493333
0.890000
1.010000
1.093333
1.755000
3.386667
7.255000
9.203333
9.250000
9.455000
7.776667
5.798333
5.143333
4.575000
4.396667
4.321667
4.280000
4.623333
4.290000
3.968333
2.661667
2.150000
1.731667
1.363333
1.260000
1.013333
0.953333
1.411667
2.085000
3.911667
6.748333
8.231667
8.210000
7.155000
6.928333
6.503333
5.925000
5.178333
4.713333
4.328333
4.748333
4.546667
4.478333
3.410000
2.570000
2.100000
1.765000
1.546667
1.263333
0.940000
0.841667
1.033333
1.431667
2.800000
5.761667
8.255000
9.971667
9.745000
7.863333
6.765000
5.998333
5.531667
5.270000
5.260000
5.881667
6.940000
6.068333
4.363333
3.051667
1.961667
1.203333
1.141667
0.873333
0.860000
1.456667
3.260000
6.625000
6.315000
5.435000
5.863333
5.360000
5.615000
5.575000
5.658333
4.996667
3.976667
4.176667
4.470000
5.420000
5.848333
6.050000
4.500000
2.661667
1.666667
1.146667
0.960000
0.760000
0.666667
1.153333
3.265000
6.100000
6.080000
5.281667
5.611667
5.118333
5.421667
4.891667
5.550000
4.888333
4.130000
4.143333
4.766667
6.345000
6.423333
6.338333
4.151667
2.565000
1.733333
1.170000
0.841667
0.786667
1.098333
2.136667
3.341667
6.281667
6.136667
5.228333
4.736667
4.335000
4.185000
4.290000
4.993333
5.053333
3.990000
3.718333
4.438333
5.478333
6.320000
6.448333
4.645000
2.590000
1.710000
1.035000
0.896667
0.798333
0.771667
1.010000
3.248333
6.283333
6.261667
5.121667
5.221667
4.930000
4.583333
4.686667
5.311667
5.191667
3.956667
3.676667
4.300000
5.991667
6.151667
6.080000
4.321667
2.793333
1.793333
1.173333
0.993333
0.778333
0.845000
1.088333
3.168333
6.221667
6.410000
5.295000
5.226667
4.586667
5.866667
5.238333
5.021667
5.060000
4.238333
4.116667
4.158333
4.996667
5.956667
5.760000
3.896667
2.561667
1.798333
1.365000
1.138333
0.891667
0.885000
0.935000
1.623333
2.743333
4.468333
6.708333
8.175000
8.003333
7.126667
6.898333
6.793333
6.196667
5.445000
4.765000
4.396667
4.565000
4.590000
4.480000
3.600000
2.493333
1.801667
1.425000
1.195000
0.841667
0.661667
0.773333
1.048333
1.473333
2.845000
5.848333
8.466667
8.738333
8.450000
8.106667
8.215000
6.348333
5.083333
4.568333
4.720000
6.020000
6.490000
5.265000
4.111667
2.798333
1.943333
1.378333
1.130000
0.983333
0.915000
1.528333
3.461667
6.431667
6.325000
5.118333
5.448333
4.776667
4.413333
4.421667
4.628333
4.491667
3.681667
4.368333
4.078333
5.585000
5.595000
6.108333
4.261667
2.588333
1.680000
0.981667
1.083333
0.823333
0.658333
0.958333
2.941667
6.040000
6.238333
4.653333
5.310000
4.905000
4.895000
5.656667
5.178333
5.243333
4.743333
4.323333
5.065000
6.108333
6.286667
5.706667
4.255000
2.500000
1.790000
0.975000
0.916667
0.796667
0.698333
1.105000
3.101667
6.706667
6.440000
5.078333
4.953333
4.990000
4.755000
4.643333
5.148333
5.078333
4.361667
4.450000
3.893333
5.420000
6.335000
5.586667
4.051667
2.446667
1.941667
1.316667
1.058333
0.903333
0.913333
1.056667
3.153333
6.263333
6.341667
5.700000
5.116667
5.046667
5.031667
4.658333
5.155000
4.958333
4.021667
3.963333
4.490000
5.640000
6.116667
5.645000
4.133333
2.671667
1.810000
1.240000
1.018333
0.788333
1.015000
2.081667
3.391667
6.486667
6.635000
5.413333
5.166667
4.948333
4.823333
6.025000
5.241667
5.121667
4.286667
4.215000
4.503333
5.286667
5.456667
5.160000
3.606667
2.270000
1.971667
1.301667
1.180000
0.855000
0.756667
0.861667
1.523333
2.480000
4.953333
7.461667
8.685000
8.303333
7.645000
6.991667
6.555000
6.331667
5.546667
5.031667
4.518333
4.308333
4.775000
4.616667
3.203333
2.261667
1.885000
1.650000
1.408333
1.020000
0.795000
0.811667
1.100000
1.550000
3.218333
6.320000
9.263333
9.630000
8.855000
8.578333
7.170000
5.506667
5.173333
4.858333
4.561667
5.603333
6.495000
5.701667
3.926667
2.421667
1.593333
1.000000
1.016667
1.086667
1.161667
1.586667
3.276667
6.350000
6.905000
5.676667
5.653333
5.270000
5.306667
5.653333
5.295000
4.783333
4.581667
3.880000
4.451667
5.960000
6.373333
6.106667
4.448333
2.451667
1.813333
1.140000
1.160000
1.035000
0.940000
1.213333
3.701667
6.608333
6.371667
5.280000
5.278333
6.363333
6.230000
6.985000
5.531667
4.720000
3.750000
4.073333
4.821667
5.990000
6.800000
6.183333
4.451667
2.548333
1.553333
1.088333
0.913333
0.736667
0.800000
1.155000
3.243333
6.578333
6.496667
5.251667
4.855000
4.715000
4.371667
4.690000
5.418333
5.195000
4.025000
4.450000
5.020000
6.163333
6.490000
5.781667
3.743333
2.328333
2.060000
1.190000
0.918333
0.770000
0.770000
1.098333
3.131667
6.260000
6.403333
5.815000
5.635000
6.298333
5.508333
5.055000
5.403333
5.158333
4.181667
3.760000
4.565000
5.831667
5.841667
5.495000
4.270000
2.648333
1.695000
1.291667
1.121667
1.170000
0.881667
1.095000
3.243333
6.545000
6.665000
5.720000
5.323333
4.621667
4.298333
5.038333
5.853333
5.860000
4.791667
4.390000
4.746667
5.560000
5.371667
5.206667
3.891667
2.518333
1.933333
1.338333
1.198333
1.143333
0.910000
0.930000
1.490000
2.496667
4.653333
6.983333
7.561667
7.301667
7.053333
7.010000
6.556667
6.398333
5.521667
4.660000
5.055000
4.860000
4.490000
4.955000
3.583333
2.366667
2.176667
1.485000
1.403333
0.958333
0.710000
0.781667
1.026667
1.846667
3.186667
6.441667
8.475000
9.655000
8.990000
8.011667
7.551667
6.003333
5.516667
4.635000
4.770000
6.600000
6.603333
6.225000
4.600000
2.783333
1.731667
1.115000
1.045000
0.973333
0.843333
1.598333
3.396667
6.833333
6.850000
5.823333
5.801667
5.730000
5.638333
5.561667
5.495000
5.540000
4.268333
4.371667
4.751667
5.831667
6.365000
6.486667
4.551667
2.785000
1.618333
1.303333
1.178333
1.053333
1.068333
1.330000
3.306667
6.483333
6.406667
5.480000
5.680000
5.563333
5.388333
5.100000
5.416667
5.040000
3.916667
3.665000
4.566667
5.993333
6.068333
6.070000
4.391667
10.000000
2.456667
2.000000
1.273333
1.120000
0.936667
1.291667
3.433333
6.658333
6.075000
4.921667
5.805000
5.000000
4.365000
4.533333
5.191667
5.148333
3.946667
4.148333
4.323333
4.936667
6.103333
5.436667
4.201667
2.716667
2.518333
1.848333
1.176667
1.201667
1.106667
1.413333
3.303333
6.698333
5.898333
4.285000
4.851667
4.848333
4.555000
4.323333
5.106667
4.908333
4.448333
4.180000
4.855000
5.125000
6.578333
6.196667
4.325000
2.833333
2.595000
2.493333
1.605000
1.378333
1.268333
1.560000
3.391667
5.906667
5.911667
5.040000
5.536667
5.486667
5.206667
5.333333
5.486667
5.605000
4.795000
4.633333
5.018333
5.611667
5.633333
5.195000
4.168333
3.210000
3.440000
2.495000
1.845000
1.781667
1.625000
1.445000
1.925000
2.806667
5.090000
6.918333
8.450000
8.231667
6.928333
6.811667
7.013333
6.333333
5.925000
6.203333
6.021667
5.236667
5.506667
5.401667
4.398333
3.370000
4.246667
3.451667
2.618333
2.533333
2.226667
2.113333
2.310000
3.155000
4.188333
6.273333
10.088333
10.390000
8.803333
7.846667
7.378333
6.306667
5.193333
4.818333
5.351667
5.708333
7.038333
6.895000
4.861667
3.518333
3.335000
2.908333
2.105000
2.005000
1.948333
2.595000
4.191667
7.246667
7.315000
5.798333
7.008333
6.578333
5.915000
6.053333
5.918333
5.778333
5.080000
4.970000
5.578333
5.996667
7.118333
6.958333
5.383333
3.501667
3.408333
3.065000
1.945000
1.945000
1.830000
2.073333
4.168333
7.281667
7.391667
5.733333
7.133333
7.231667
5.418333
5.448333
6.056667
5.711667
4.730000
4.611667
5.441667
6.341667
7.363333
7.170000
5.000000
3.573333
3.370000
2.946667
2.001667
1.975000
1.960000
2.203333
4.023333
7.365000
7.178333
5.725000
5.646667
5.746667
5.101667
5.405000
6.321667
6.140000
5.245000
5.028333
5.643333
6.431667
7.406667
6.288333
4.820000
3.578333
3.355000
2.866667
2.208333
2.315000
2.115000
2.206667
4.176667
7.116667
6.903333
5.495000
5.921667
5.496667
5.573333
5.263333
5.735000
5.778333
4.820000
4.486667
4.740000
6.158333
6.643333
6.678333
5.568333
3.291667
3.201667
2.906667
2.035000
2.075000
1.865000
2.056667
4.328333
7.455000
7.391667
5.941667
5.665000
5.430000
5.121667
5.353333
6.243333
5.948333
5.421667
4.961667
5.693333
5.418333
6.300000
6.131667
4.880000
3.336667
4.110000
3.086667
2.441667
2.368333
2.238333
2.061667
2.350000
3.795000
5.876667
7.221667
10.410000
9.271667
8.608333
7.438333
7.905000
7.473333
6.555000
5.968333
5.971667
5.725000
5.606667
5.758333
4.690000
3.411667
4.008333
3.095000
2.188333
2.113333
1.796667
1.728333
1.840000
2.596667
4.378333
6.576667
9.910000
10.580000
9.661667
8.215000
7.776667
6.556667
5.390000
5.153333
5.575000
6.256667
6.443333
6.666667
5.003333
3.591667
3.593333
3.158333
2.148333
2.346667
1.806667
2.550000
4.038333
7.283333
7.466667
5.898333
6.361667
6.166667
5.996667
6.313333
6.506667
6.008333
4.953333
5.096667
5.951667
6.393333
8.003333
6.743333
5.006667
3.381667
3.208333
2.958333
1.883333
1.868333
1.825000
2.026667
4.060000
7.615000
7.706667
5.576667
5.705000
5.275000
5.436667
5.546667
6.163333
5.785000
4.871667
4.751667
5.596667
6.006667
8.105000
7.510000
5.780000
4.085000
3.698333
3.285000
2.553333
2.388333
2.290000
2.428333
4.311667
7.371667
7.890000
6.193333
6.811667
6.823333
6.011667
6.546667
6.703333
6.488333
6.378333
5.170000
5.215000
5.996667
7.105000
7.458333
5.448333
3.716667
3.151667
3.118333
2.296667
2.055000
1.881667
2.115000
4.146667
7.171667
7.251667
5.733333
5.785000
5.721667
5.703333
6.171667
7.075000
6.340000
5.226667
5.066667
5.520000
5.976667
7.566667
6.711667
5.150000
3.426667
3.518333
2.741667
2.211667
2.380000
1.866667
2.155000
4.061667
7.408333
8.116667
7.090000
7.288333
6.438333
5.601667
6.238333
6.408333
5.698333
4.961667
5.173333
5.661667
5.945000
6.200000
6.195000
4.868333
3.380000
3.795000
2.778333
2.175000
1.830000
1.626667
1.761667
2.460000
3.568333
5.820000
7.246667
9.916667
9.455000
7.866667
7.735000
7.463333
6.591667
5.640000
5.668333
5.820000
5.080000
4.770000
4.220000
3.636667
2.813333
2.736667
2.636667
1.775000
1.488333
1.258333
1.065000
1.283333
2.076667
3.063333
4.730000
8.613333
9.710000
9.070000
7.640000
7.646667
6.003333
5.348333
5.073333
5.065000
5.416667
5.906667
5.281667
4.188333
2.555000
2.776667
2.260000
1.330000
1.498333
0.995000
1.621667
2.975000
5.515000
6.518333
6.050000
6.825000
7.215000
6.455000
6.363333
6.043333
5.501667
5.170000
4.436667
4.611667
5.350000
6.650000
6.455000
4.976667
2.946667
2.670000
2.211667
1.548333
1.526667
1.328333
1.548333
3.658333
6.630000
7.008333
5.348333
5.845000
5.920000
5.281667
5.710000
5.645000
5.563333
4.268333
4.175000
4.880000
5.598333
6.968333
6.251667
4.576667
2.698333
2.500000
2.141667
1.176667
1.070000
1.226667
2.388333
4.028333
6.933333
7.233333
5.206667
5.503333
4.943333
4.101667
4.468333
5.595000
6.211667
5.375000
5.248333
4.821667
5.273333
6.470000
6.626667
4.398333
2.940000
2.921667
2.091667
1.230000
1.101667
1.085000
1.288333
3.533333
6.888333
6.811667
6.893333
8.696667
10.513333
10.460000
5.885000
5.658333
5.228333
4.623333
4.466667
5.173333
5.493333
6.298333
6.358333
4.271667
2.685000
2.316667
2.003333
1.263333
1.385000
1.038333
1.316667
3.586667
6.801667
7.010000
5.293333
5.961667
5.528333
4.638333
5.616667
5.641667
5.445000
4.821667
4.601667
5.453333
5.406667
5.596667
5.388333
3.903333
2.711667
3.200000
2.308333
1.503333
1.365000
1.016667
1.128333
1.678333
3.278333
6.040000
7.386667
9.180000
8.830000
7.763333
7.405000
7.006667
6.710000
5.956667
5.746667
5.200000
4.553333
4.505000
4.666667
3.746667
2.433333
3.201667
2.491667
1.341667
1.193333
1.198333
0.951667
1.241667
2.063333
4.473333
6.691667
9.596667
10.600000
9.616667
8.975000
8.080000
6.281667
4.838333
4.436667
5.661667
6.441667
7.476667
6.020000
4.411667
2.996667
2.541667
1.961667
1.343333
1.401667
1.241667
1.601667
3.695000
7.005000
7.441667
6.020000
5.948333
5.870000
6.175000
6.981667
5.778333
4.815000
4.238333
4.413333
5.660000
5.836667
6.325000
6.276667
4.443333
2.516667
2.690000
1.951667
1.068333
0.958333
0.923333
1.221667
3.633333
7.443333
7.516667
5.783333
6.083333
5.466667
5.018333
4.930000
5.376667
5.366667
4.098333
4.710000
4.750000
5.321667
6.620000
6.425000
4.535000
2.691667
2.360000
1.975000
1.423333
1.410000
1.261667
1.578333
3.723333
7.410000
7.213333
10.000000
5.235000
5.696667
5.773333
5.645000
5.646667
5.525000
4.575000
4.138333
5.016667
5.368333
6.688333
6.253333
4.081667
2.975000
2.468333
2.066667
1.246667
1.088333
0.971667
1.295000
3.645000
7.250000
7.071667
5.831667
6.236667
5.633333
5.066667
5.705000
5.311667
5.171667
4.748333
4.483333
5.388333
5.431667
6.378333
6.081667
4.286667
2.775000
2.551667
2.071667
1.408333
1.310000
1.140000
1.571667
3.598333
7.508333
7.150000
5.496667
5.608333
5.286667
5.458333
6.035000
6.376667
5.726667
4.936667
5.551667
6.021667
5.715000
5.915000
5.435000
3.961667
2.921667
2.965000
1.923333
1.308333
1.153333
1.163333
1.245000
1.776667
3.545000
5.796667
7.615000
8.795000
9.376667
8.281667
7.661667
7.190000
6.283333
6.495000
6.168333
6.061667
4.771667
4.968333
4.661667
3.598333
2.690000
2.850000
2.305000
1.375000
1.121667
0.968333
0.893333
1.240000
2.306667
4.298333
6.388333
9.671667
10.153333
8.190000
7.605000
6.761667
6.023333
4.851667
4.675000
5.688333
5.648333
6.660000
6.003333
3.991667
2.820000
2.426667
1.850000
1.125000
1.238333
0.990000
1.743333
3.405000
8.006667
8.630000
5.910000
5.968333
6.285000
4.925000
5.123333
5.461667
8.135000
6.270000
4.361667
4.563333
4.813333
6.711667
6.350000
4.373333
2.468333
2.738333
2.198333
1.053333
0.921667
0.833333
1.230000
3.536667
7.281667
6.986667
5.663333
6.085000
4.645000
5.231667
4.670000
5.015000
5.141667
3.918333
3.693333
5.248333
5.551667
7.146667
6.836667
4.368333
2.616667
2.401667
1.975000
0.990000
0.910000
1.005000
1.360000
3.465000
7.135000
7.000000
5.385000
5.406667
4.896667
4.823333
5.310000
6.053333
6.356667
6.455000
5.768333
6.433333
6.226667
7.336667
6.615000
4.631667
3.455000
3.048333
2.721667
1.905000
1.735000
1.668333
2.040000
4.145000
7.930000
8.068333
6.308333
6.910000
5.646667
5.446667
4.638333
5.253333
5.281667
4.601667
4.306667
4.980000
6.163333
7.055000
6.568333
4.743333
2.768333
2.553333
2.218333
1.101667
1.198333
1.020000
1.458333
3.375000
7.005000
7.418333
5.883333
5.585000
5.390000
6.483333
7.581667
6.491667
6.805000
6.640000
6.453333
8.346667
8.143333
6.921667
5.583333
4.058333
2.838333
3.041667
2.155000
1.421667
1.158333
1.126667
1.015000
1.723333
4.421667
6.371667
8.181667
8.743333
8.761667
7.971667
7.563333
7.116667
6.845000
6.328333
5.895000
5.348333
4.271667
4.560000
4.641667
3.541667
2.293333
3.426667
2.465000
1.436667
1.198333
0.928333
0.998333
1.141667
2.346667
4.498333
7.783333
10.471667
11.046667
9.365000
8.158333
7.571667
5.673333
5.743333
6.431667
5.756667
5.061667
7.290000
5.883333
3.868333
2.598333
2.353333
1.800000
1.190000
1.166667
1.218333
2.411667
3.658333
7.391667
7.800000
6.281667
7.060000
6.171667
5.696667
4.895000
5.110000
4.870000
4.065000
4.400000
4.936667
6.023333
6.381667
6.351667
4.131667
2.303333
2.288333
1.826667
0.915000
0.861667
0.940000
1.251667
3.315000
7.440000
6.698333
5.270000
5.731667
4.810000
4.970000
4.686667
5.198333
4.700000
3.860000
4.321667
5.413333
5.230000
6.598333
5.993333
4.713333
2.720000
2.500000
1.881667
0.893333
0.760000
0.926667
1.281667
3.891667
7.775000
7.610000
5.528333
5.830000
6.326667
5.768333
5.420000
5.941667
5.110000
5.610000
5.383333
4.591667
5.593333
7.290000
5.940000
4.585000
3.010000
2.518333
2.116667
1.001667
1.110000
0.841667
1.420000
3.348333
7.723333
7.738333
5.166667
5.353333
5.453333
5.001667
4.821667
4.960000
5.285000
4.535000
4.015000
4.930000
5.878333
7.091667
6.526667
5.061667
2.880000
2.830000
2.525000
1.668333
1.706667
1.493333
2.028333
4.478333
8.751667
9.233333
5.038333
5.243333
5.355000
4.908333
4.863333
5.300000
5.693333
4.368333
4.583333
4.738333
5.481667
6.460000
5.281667
4.356667
2.721667
3.063333
1.751667
1.096667
0.943333
1.065000
1.080000
2.053333
4.023333
7.156667
7.783333
9.186667
8.450000
7.948333
7.398333
6.978333
5.708333
5.691667
5.520000
5.323333
4.796667
5.075000
4.518333
4.130000
2.510000
3.048333
2.435000
1.281667
0.981667
1.023333
0.896667
1.230000
2.345000
4.243333
6.561667
9.521667
9.353333
8.660000
7.146667
6.220000
5.215000
4.693333
6.050000
6.331667
6.305000
7.651667
6.433333
4.715000
2.795000
2.521667
1.995000
0.940000
0.923333
1.036667
1.725000
3.876667
7.946667
8.538333
6.290000
6.608333
7.210000
5.228333
4.865000
5.238333
5.836667
5.565000
5.250000
5.911667
5.548333
6.501667
6.108333
4.143333
2.253333
2.290000
1.921667
1.056667
0.938333
0.906667
1.185000
3.451667
7.953333
6.916667
4.965000
4.946667
4.573333
4.331667
4.213333
4.720000
4.478333
3.618333
4.196667
4.468333
5.085000
6.818333
5.976667
4.330000
2.458333
2.263333
1.706667
0.911667
0.761667
0.886667
1.571667
4.015000
8.163333
6.915000
4.711667
4.400000
4.271667
3.891667
3.903333
4.388333
4.495000
3.900000
3.618333
3.705000
4.493333
6.318333
6.168333
4.406667
2.553333
2.296667
1.851667
1.095000
0.931667
0.948333
1.316667
3.433333
6.890000
6.540000
4.278333
4.476667
4.423333
4.136667
4.128333
4.966667
4.878333
3.678333
3.773333
4.430000
4.725000
6.248333
5.488333
4.108333
2.345000
2.246667
1.710000
1.070000
0.973333
1.168333
1.585000
4.148333
8.240000
8.055000
5.151667
5.203333
4.933333
4.218333
4.838333
5.203333
4.945000
4.410000
4.456667
4.370000
4.898333
5.841667
5.561667
4.240000
2.826667
3.095000
2.028333
1.258333
0.910000
0.990000
1.223333
1.841667
3.675000
6.118333
7.593333
8.933333
7.178333
7.038333
6.293333
6.081667
5.786667
5.195000
5.001667
4.580000
4.488333
5.055000
4.511667
3.415000
2.348333
2.593333
2.138333
1.233333
0.963333
1.126667
1.095000
1.431667
1.965000
3.008333
4.748333
7.380000
8.396667
8.005000
7.600000
6.615000
6.050000
4.826667
4.673333
5.056667
5.363333
7.228333
6.430000
5.086667
3.203333
2.315000
1.783333
0.886667
0.860000
0.828333
1.573333
3.838333
6.780000
7.563333
5.545000
5.731667
5.180000
4.718333
4.733333
4.980000
5.428333
4.128333
3.735000
4.396667
5.185000
6.578333
6.663333
4.563333
2.563333
2.448333
1.763333
0.973333
0.873333
0.893333
1.153333
3.401667
6.858333
6.911667
5.335000
6.206667
5.848333
5.490000
4.686667
5.178333
4.800000
3.748333
3.936667
4.760000
5.790000
6.891667
6.871667
4.728333
2.931667
2.546667
2.106667
0.971667
1.040000
1.040000
1.371667
3.550000
7.101667
7.635000
5.531667
5.115000
5.135000
5.373333
5.070000
5.185000
5.290000
4.320000
3.931667
3.743333
5.148333
7.088333
5.395000
4.211667
3.111667
2.673333
2.260000
1.003333
0.960000
0.901667
1.156667
2.581667
4.796667
6.268333
6.101667
7.800000
7.288333
6.955000
6.571667
6.173333
6.408333
5.326667
5.075000
5.055000
5.283333
7.608333
6.653333
4.543333
3.118333
2.318333
2.075000
0.966667
1.140000
1.395000
1.668333
3.690000
6.843333
7.695000
5.465000
5.626667
4.868333
4.578333
4.981667
5.315000
5.276667
4.380000
5.785000
5.226667
5.425000
7.176667
6.130000
4.703333
3.533333
2.895000
2.248333
1.305000
1.241667
0.963333
1.638333
1.950000
3.513333
6.020000
10.000000
9.206667
8.358333
7.823333
7.560000
6.935000
5.498333
4.821667
5.070000
6.096667
5.273333
5.131667
4.706667
3.700000
2.651667
7.111667
4.443333
2.915000
3.416667
6.251667
4.388333
4.581667
5.888333
13.195000
20.721667
27.193333
25.971667
20.806667
17.613333
15.638333
14.528333
13.361667
13.000000
14.805000
16.085000
18.000000
17.388333
12.416667
9.030000
8.000000
6.806667
7.166667
5.308333
9.028333
8.835000
13.083333
20.665000
20.611667
18.388333
17.971667
16.083333
14.333333
14.136667
14.611667
13.640000
11.640000
11.111667
11.501667
12.780000
15.581667
16.943333
11.665000
8.860000
7.806667
4.443333
3.638333
4.390000
4.916667
6.136667
10.390000
14.913333
17.720000
16.140000
15.053333
13.610000
12.971667
11.970000
12.611667
12.835000
11.000000
10.390000
11.945000
13.331667
15.305000
13.945000
10.610000
9.473333
8.388333
5.973333
5.583333
3.835000
3.861667
4.250000
9.056667
14.026667
16.196667
15.695000
14.720000
14.168333
12.306667
11.945000
13.081667
12.000000
10.916667
9.748333
9.943333
11.695000
14.611667
14.638333
11.555000
8.276667
6.223333
4.445000
3.501667
3.166667
2.778333
3.416667
6.388333
13.028333
15.750000
16.941667
17.695000
16.443333
13.941667
12.638333
13.026667
12.305000
11.250000
10.890000
10.751667
11.250000
12.528333
12.776667
9.941667
8.000000
6.223333
6.306667
6.610000
4.611667
4.553333
3.778333
4.918333
5.971667
10.083333
17.306667
22.363333
22.166667
19.805000
16.110000
13.585000
12.528333
11.168333
11.028333
10.386667
10.860000
12.443333
11.833333
9.443333
7.000000
5.946667
4.806667
3.695000
3.416667
2.943333
2.721667
3.248333
5.751667
11.666667
15.970000
18.248333
17.473333
15.193333
14.196667
13.390000
11.890000
10.418333
9.915000
9.750000
9.971667
11.778333
12.138333
10.443333
7.220000
6.250000
3.806667
2.750000
2.305000
2.638333
2.665000
3.943333
5.611667
10.055000
15.416667
18.361667
19.638333
17.611667
14.890000
13.916667
12.111667
11.556667
10.860000
10.611667
11.891667
14.443333
12.888333
10.083333
7.805000
6.695000
6.471667
6.668333
4.583333
4.056667
3.306667
3.916667
5.056667
8.751667
15.556667
22.861667
25.333333
22.445000
19.111667
16.193333
14.223333
14.085000
14.083333
14.500000
16.831667
19.416667
17.276667
12.220000
8.333333
6.416667
4.526667
3.776667
3.388333
3.166667
3.723333
9.695000
19.696667
20.028333
15.998333
15.195000
14.723333
13.971667
12.776667
13.806667
12.888333
11.335000
10.945000
11.585000
14.223333
17.000000
16.721667
12.721667
9.500000
5.916667
4.916667
4.776667
3.446667
4.003333
4.251667
8.640000
19.168333
20.500000
15.388333
13.666667
12.526667
11.526667
11.808333
13.306667
12.695000
11.305000
10.470000
11.833333
14.528333
18.695000
19.360000
13.111667
9.583333
7.943333
5.000000
4.416667
3.941667
4.471667
5.778333
11.140000
20.831667
21.696667
15.138333
14.000000
12.335000
11.530000
11.861667
12.165000
11.640000
10.388333
9.445000
10.806667
13.833333
17.248333
16.971667
12.833333
9.638333
6.833333
5.221667
5.553333
4.083333
4.746667
6.831667
11.888333
20.445000
20.276667
16.890000
15.696667
13.916667
12.110000
12.030000
12.780000
12.833333
11.416667
11.971667
12.695000
13.693333
15.695000
15.611667
11.861667
8.751667
7.973333
4.946667
3.970000
3.611667
2.915000
3.333333
5.360000
8.111667
15.028333
20.695000
23.721667
22.111667
20.665000
17.888333
17.026667
16.250000
15.110000
13.416667
12.945000
13.780000
12.861667
13.306667
11.610000
8.860000
8.611667
5.193333
4.055000
3.193333
2.860000
3.193333
4.335000
5.280000
11.081667
17.526667
22.945000
25.778333
21.860000
18.360000
17.251667
15.000000
12.303333
11.443333
12.526667
14.443333
17.276667
17.581667
12.305000
8.971667
6.723333
4.971667
5.526667
4.165000
5.360000
6.500000
13.470000
22.943333
20.555000
15.778333
14.831667
14.221667
13.278333
13.193333
13.583333
12.471667
10.528333
9.666667
10.890000
14.140000
16.831667
17.860000
13.361667
8.668333
7.415000
4.250000
3.471667
3.251667
4.276667
5.611667
9.971667
20.666667
20.276667
16.028333
15.195000
14.916667
13.638333
14.500000
15.138333
14.305000
11.946667
10.891667
12.250000
16.833333
19.500000
19.028333
13.166667
9.721667
6.943333
5.083333
5.055000
3.890000
6.888333
8.136667
11.665000
24.610000
21.471667
16.195000
15.028333
13.860000
12.806667
14.195000
13.721667
12.610000
11.305000
11.831667
12.331667
16.251667
18.721667
16.111667
11.916667
9.833333
8.666667
5.446667
4.778333
3.915000
4.470000
5.635000
11.553333
22.000000
22.030000
22.140000
16.138333
15.195000
12.556667
14.250000
13.555000
13.416667
11.500000
10.640000
12.888333
16.916667
18.555000
18.165000
13.250000
9.530000
7.058333
5.278333
5.831667
5.500000
9.555000
8.473333
14.140000
25.193333
22.721667
17.000000
16.636667
14.275000
13.390000
13.196667
13.416667
13.000000
12.833333
12.278333
12.890000
16.196667
16.916667
16.443333
12.498333
9.138333
8.611667
5.446667
4.416667
3.723333
3.388333
3.361667
5.168333
8.193333
16.055000
22.055000
24.386667
23.666667
19.721667
17.778333
17.695000
18.305000
15.666667
15.248333
16.693333
16.056667
11.138333
10.528333
10.335000
8.696667
7.805000
5.528333
4.333333
4.195000
6.528333
4.361667
5.305000
6.416667
11.443333
17.583333
21.750000
24.443333
21.471667
18.278333
15.610000
14.416667
12.666667
12.250000
13.888333
14.305000
17.473333
17.083333
12.138333
8.971667
7.303333
5.555000
5.750000
4.140000
8.085000
8.441667
12.888333
22.528333
22.028333
21.498333
16.943333
15.221667
12.390000
11.890000
12.278333
11.806667
11.445000
10.136667
10.581667
13.055000
16.916667
17.138333
12.610000
9.083333
7.723333
4.860000
3.971667
4.415000
5.168333
5.416667
11.471667
21.278333
19.750000
16.111667
18.750000
15.833333
14.305000
13.806667
14.585000
14.445000
11.778333
11.166667
13.331667
16.585000
20.141667
16.471667
12.500000
9.916667
6.861667
5.195000
4.973333
3.555000
8.221667
8.583333
13.251667
25.888333
22.333333
15.473333
15.248333
13.168333
12.693333
12.691667
13.303333
12.388333
11.778333
12.083333
13.083333
16.973333
18.973333
17.416667
11.971667
9.471667
8.943333
5.555000
4.665000
4.915000
5.445000
5.973333
14.248333
23.386667
21.833333
16.250000
17.473333
16.223333
12.945000
13.778333
13.835000
13.140000
11.945000
11.473333
11.750000
16.196667
19.416667
18.776667
13.333333
10.640000
8.220000
6.138333
6.696667
5.666667
9.665000
9.723333
14.888333
25.973333
23.360000
16.668333
15.333333
14.053333
13.416667
12.693333
12.721667
12.248333
11.525000
11.000000
12.803333
14.805000
16.443333
16.973333
12.416667
8.916667
8.890000
5.723333
4.528333
3.668333
3.446667
4.221667
6.971667
9.331667
14.723333
19.278333
21.556667
21.251667
18.526667
17.335000
15.278333
16.473333
14.138333
13.473333
13.556667
13.776667
13.638333
13.553333
10.083333
8.196667
7.361667
5.280000
4.278333
4.193333
4.000000
3.140000
4.250000
6.083333
11.445000
18.500000
23.360000
23.888333
20.081667
18.390000
15.916667
13.668333
11.775000
11.583333
12.778333
14.000000
16.331667
16.193333
12.665000
9.526667
8.610000
7.193333
7.473333
5.331667
4.861667
5.638333
10.860000
14.443333
16.748333
19.306667
20.528333
19.695000
16.055000
15.085000
14.805000
14.360000
11.888333
11.748333
12.250000
12.388333
12.750000
14.388333
11.640000
10.000000
2.825000
2.025000
0.951667
1.126667
0.903333
0.726667
1.360000
3.953333
4.321667
5.601667
7.701667
7.836667
7.136667
7.060000
5.673333
5.271667
4.546667
4.341667
4.695000
4.468333
6.328333
6.361667
5.111667
2.488333
2.616667
1.825000
0.825000
0.733333
0.661667
1.358333
3.283333
8.485000
7.166667
5.438333
5.015000
4.691667
4.936667
4.563333
4.861667
5.078333
3.776667
3.468333
3.906667
5.081667
6.551667
7.061667
5.516667
3.043333
2.385000
1.681667
0.978333
1.010000
1.128333
1.366667
3.021667
7.066667
7.065000
4.533333
4.773333
4.333333
4.703333
5.048333
4.580000
4.590000
3.825000
3.843333
4.601667
5.153333
6.870000
6.646667
5.391667
2.896667
2.431667
1.653333
0.765000
0.765000
0.746667
1.473333
3.621667
9.288333
7.395000
5.238333
4.493333
4.240000
4.273333
4.386667
5.660000
5.246667
4.580000
3.865000
3.806667
4.161667
6.268333
6.065000
4.838333
2.396667
3.238333
1.945000
1.020000
0.783333
0.645000
1.093333
1.543333
3.645000
5.633333
7.571667
9.768333
8.251667
7.986667
6.491667
6.571667
5.346667
5.191667
4.818333
5.153333
4.163333
5.008333
4.740000
4.166667
2.336667
3.125000
2.261667
1.208333
1.021667
0.890000
1.166667
1.066667
2.341667
3.303333
5.775000
8.786667
9.983333
8.960000
7.455000
6.088333
5.146667
4.946667
4.468333
5.473333
4.990000
7.056667
6.971667
5.398333
3.095000
2.713333
1.906667
0.711667
0.791667
0.793333
1.501667
3.723333
8.880000
7.435000
6.243333
6.090000
5.795000
5.221667
4.865000
5.236667
5.173333
4.271667
3.723333
4.841667
5.881667
7.061667
6.963333
4.925000
2.665000
2.413333
1.798333
0.868333
0.743333
0.803333
1.080000
3.405000
8.158333
7.348333
5.601667
4.935000
5.181667
4.886667
5.110000
5.623333
5.061667
4.753333
4.811667
5.863333
6.388333
8.200000
8.255000
5.363333
2.928333
2.551667
1.930000
0.888333
0.950000
0.913333
1.513333
3.550000
8.538333
7.966667
5.931667
5.341667
4.831667
4.601667
4.870000
4.793333
4.876667
4.136667
3.818333
4.363333
5.321667
7.296667
7.113333
4.966667
3.273333
2.393333
1.715000
0.861667
1.003333
0.888333
1.188333
3.291667
6.971667
7.308333
5.521667
5.578333
5.871667
6.025000
4.645000
4.658333
4.773333
4.006667
4.431667
5.075000
6.131667
7.521667
8.776667
5.603333
3.091667
2.841667
2.240000
1.036667
0.931667
0.856667
1.598333
3.520000
11.580000
10.220000
7.545000
7.491667
7.003333
5.216667
4.936667
5.781667
6.006667
5.020000
4.955000
5.521667
5.080000
8.296667
8.741667
5.685000
3.493333
3.446667
2.585000
1.085000
0.970000
0.878333
1.395000
2.361667
4.198333
6.740000
7.693333
9.588333
8.206667
8.430000
7.848333
7.313333
7.260000
6.695000
7.620000
8.583333
7.523333
7.305000
6.378333
4.018333
3.141667
3.488333
2.628333
1.040000
1.121667
0.968333
1.275000
1.326667
4.550000
6.250000
6.186667
9.300000
8.615000
8.965000
8.333333
6.270000
5.471667
4.886667
4.735000
5.313333
6.050000
8.063333
7.503333
4.863333
3.181667
2.601667
2.105000
0.765000
0.780000
0.971667
1.160000
3.276667
7.453333
7.550000
6.123333
5.536667
6.648333
5.606667
5.855000
5.221667
4.915000
3.871667
4.206667
5.223333
6.195000
7.971667
8.298333
5.276667
3.130000
3.106667
2.776667
1.908333
1.948333
1.808333
2.160000
3.636667
8.463333
8.990000
5.560000
5.720000
5.536667
5.433333
7.720000
5.940000
5.906667
4.601667
4.125000
5.040000
6.600000
7.888333
7.948333
5.016667
3.341667
2.485000
1.951667
0.698333
0.711667
0.613333
1.258333
4.118333
8.548333
7.383333
5.460000
5.030000
4.718333
4.870000
5.653333
5.293333
5.098333
3.725000
3.875000
5.165000
5.950000
7.381667
7.371667
5.233333
3.291667
2.945000
2.011667
0.895000
0.811667
0.893333
1.230000
3.645000
6.853333
6.706667
4.021667
6.071667
5.145000
5.020000
4.675000
4.371667
5.506667
3.985000
3.278333
4.785000
5.623333
7.300000
6.848333
6.578333
4.463333
2.466667
2.176667
0.886667
0.945000
1.095000
1.513333
3.888333
8.745000
8.061667
5.551667
5.218333
6.031667
6.003333
4.325000
5.175000
5.983333
5.188333
5.170000
4.303333
4.901667
7.171667
6.656667
4.963333
3.343333
3.443333
2.533333
1.616667
1.540000
1.421667
1.636667
2.625000
4.153333
6.323333
7.461667
8.873333
8.096667
7.841667
7.241667
7.513333
6.865000
5.758333
5.773333
5.410000
5.053333
6.025000
6.045000
4.483333
2.831667
3.116667
2.021667
1.041667
1.361667
0.845000
0.973333
1.101667
3.018333
4.508333
5.330000
8.436667
7.823333
6.971667
6.586667
5.455000
5.188333
4.018333
4.028333
4.601667
4.555000
5.648333
6.020000
4.513333
2.895000
2.465000
1.571667
0.835000
1.351667
0.943333
1.470000
3.908333
8.298333
7.551667
5.575000
5.281667
4.883333
4.510000
4.526667
5.068333
4.610000
3.931667
3.381667
3.811667
4.443333
5.861667
6.150000
4.288333
2.431667
2.121667
1.725000
0.860000
1.200000
0.725000
0.966667
3.043333
7.181667
6.693333
4.965000
4.778333
5.255000
5.043333
4.781667
5.156667
5.021667
4.848333
4.575000
4.830000
5.100000
6.106667
6.026667
4.156667
2.893333
2.303333
1.891667
0.761667
1.281667
0.926667
1.313333
3.910000
8.616667
8.405000
5.536667
5.398333
4.975000
4.441667
4.136667
4.700000
4.660000
3.825000
3.963333
4.440000
5.518333
8.643333
7.823333
6.056667
3.103333
2.285000
2.016667
0.900000
1.241667
0.835000
1.193333
3.816667
9.248333
8.465000
4.991667
5.116667
6.795000
6.680000
4.975000
4.371667
4.255000
3.670000
4.053333
5.160000
5.985000
8.311667
7.580000
5.556667
3.078333
2.623333
1.933333
0.855000
1.203333
0.830000
1.306667
3.628333
9.155000
8.783333
5.513333
6.548333
5.428333
5.343333
5.176667
5.628333
6.165000
4.920000
4.985000
5.366667
6.341667
8.233333
7.921667
5.250000
2.641667
3.178333
2.695000
1.268333
1.338333
0.983333
1.541667
2.695000
4.396667
6.325000
7.466667
7.981667
8.288333
7.608333
7.278333
6.480000
6.521667
5.821667
5.265000
4.765000
4.703333
5.661667
5.628333
6.473333
3.653333
3.168333
2.491667
1.325000
1.403333
0.828333
1.415000
1.598333
3.078333
3.955000
6.930000
10.586667
10.196667
7.813333
6.468333
5.778333
5.173333
3.911667
4.565000
5.133333
4.891667
6.401667
7.101667
5.376667
3.110000
3.011667
2.630000
1.116667
1.203333
0.730000
1.368333
2.208333
5.108333
6.296667
6.655000
9.325000
9.483333
8.101667
8.281667
7.791667
6.225000
5.658333
6.101667
6.775000
6.335000
8.915000
8.113333
7.700000
4.553333
2.420000
2.246667
0.868333
1.123333
0.720000
1.473333
3.738333
7.931667
7.068333
5.416667
5.541667
6.073333
4.923333
4.530000
5.368333
4.936667
3.886667
4.216667
5.301667
5.896667
9.015000
9.626667
7.165000
4.048333
2.826667
2.321667
0.905000
1.246667
0.833333
1.640000
4.081667
9.315000
8.390000
6.125000
5.710000
5.353333
5.053333
4.828333
5.186667
4.551667
4.001667
4.575000
5.338333
6.875000
9.953333
9.096667
6.065000
4.586667
3.858333
2.495000
0.943333
1.355000
0.906667
2.065000
3.830000
8.318333
9.178333
10.000000
8.320000
7.973333
7.668333
6.080000
5.446667
4.741667
4.115000
3.940000
4.746667
5.916667
8.955000
8.855000
6.005000
3.276667
3.340000
2.506667
0.903333
1.291667
0.945000
1.931667
3.931667
9.738333
9.425000
7.880000
8.108333
6.795000
5.233333
5.681667
6.225000
5.781667
5.255000
5.746667
6.245000
6.756667
8.258333
8.680000
7.875000
5.813333
4.243333
3.568333
1.763333
1.990000
1.613333
2.568333
3.196667
5.351667
7.823333
8.281667
9.021667
8.900000
8.398333
7.366667
7.458333
7.278333
7.288333
8.390000
7.078333
7.505000
8.843333
9.841667
7.881667
4.996667
4.676667
3.288333
3.095000
1.493333
1.280000
1.583333
2.483333
4.278333
5.131667
6.641667
9.061667
9.906667
9.045000
8.781667
8.771667
7.306667
5.296667
5.343333
5.731667
5.946667
6.366667
6.595000
5.038333
3.660000
3.611667
2.780000
1.328333
1.465000
1.393333
2.006667
4.601667
10.233333
8.606667
6.231667
6.740000
6.195000
6.475000
6.625000
6.853333
6.133333
5.335000
6.088333
6.540000
6.335000
9.111667
8.741667
5.825000
5.056667
2.995000
2.528333
0.911667
0.788333
0.768333
1.251667
3.790000
9.118333
7.881667
5.895000
6.813333
5.605000
5.805000
5.513333
5.965000
5.856667
4.558333
4.471667
5.581667
6.523333
8.970000
9.291667
6.398333
3.733333
3.925000
3.088333
1.698333
1.843333
1.793333
2.241667
4.480000
10.538333
8.963333
5.980000
6.663333
5.006667
5.155000
5.390000
5.081667
5.031667
4.021667
4.498333
4.691667
5.500000
8.690000
8.148333
7.131667
5.523333
2.913333
2.608333
0.866667
0.805000
0.773333
1.378333
3.561667
7.958333
7.655000
6.863333
6.605000
5.338333
5.453333
5.241667
6.418333
6.388333
5.458333
5.120000
4.906667
6.191667
8.281667
9.126667
6.260000
3.581667
3.176667
2.541667
1.575000
1.255000
1.010000
1.876667
4.065000
9.410000
9.426667
6.120000
7.113333
6.341667
6.211667
5.505000
5.376667
4.885000
4.276667
4.776667
5.473333
5.483333
7.540000
8.565000
6.720000
3.890000
3.606667
2.783333
1.440000
1.060000
0.941667
1.386667
1.930000
6.268333
8.138333
8.238333
8.756667
9.253333
8.906667
7.448333
6.350000
7.313333
6.410000
6.035000
6.188333
5.173333
7.876667
7.305000
5.833333
2.906667
3.220000
3.001667
1.711667
1.250000
0.843333
1.380000
1.635000
3.310000
4.266667
7.335000
10.381667
10.455000
9.555000
8.113333
7.008333
5.725000
5.003333
5.781667
6.405000
4.898333
7.796667
7.491667
5.711667
4.950000
3.685000
2.460000
1.356667
0.995000
0.963333
1.603333
3.891667
8.885000
9.146667
6.096667
6.025000
4.935000
4.880000
4.313333
4.908333
4.500000
3.898333
4.066667
4.946667
6.221667
9.261667
8.005000
6.205000
3.171667
2.841667
2.195000
1.243333
0.926667
0.815000
1.543333
3.890000
8.726667
8.353333
5.615000
5.755000
5.571667
5.650000
5.035000
5.118333
5.115000
5.171667
6.140000
7.391667
6.543333
8.895000
9.451667
7.313333
5.411667
2.916667
2.208333
1.263333
1.010000
0.903333
1.728333
4.801667
10.738333
9.040000
5.366667
5.946667
4.598333
4.431667
4.708333
5.090000
5.058333
4.441667
3.908333
4.483333
5.515000
8.216667
7.608333
5.828333
3.326667
3.048333
2.330000
1.371667
1.126667
0.936667
1.670000
4.428333
8.010000
9.021667
6.861667
8.668333
7.675000
7.063333
6.243333
4.496667
5.071667
5.046667
5.025000
4.910000
6.185000
9.070000
8.423333
6.100000
4.015000
2.951667
2.533333
1.433333
1.050000
1.060000
1.638333
3.755000
9.555000
10.056667
5.721667
6.826667
7.211667
6.825000
6.015000
6.916667
6.898333
5.838333
5.266667
7.066667
8.310000
8.371667
7.753333
6.298333
3.846667
3.906667
3.318333
1.943333
1.508333
1.561667
1.896667
2.870000
4.600000
7.113333
8.661667
10.618333
9.110000
8.008333
8.611667
7.156667
7.023333
5.878333
6.630000
6.483333
5.348333
6.506667
7.345000
6.696667
3.550000
3.896667
3.768333
1.966667
1.503333
1.311667
1.831667
2.106667
2.971667
5.261667
8.118333
11.215000
10.921667
11.018333
9.943333
9.043333
9.061667
7.600000
5.880000
6.983333
6.238333
10.198333
10.861667
8.253333
5.895000
2.871667
2.761667
1.358333
1.033333
1.055000
1.776667
3.663333
8.261667
9.198333
5.408333
6.733333
6.228333
5.073333
4.168333
4.690000
4.875000
4.201667
4.408333
4.781667
6.050000
8.493333
7.025000
5.411667
3.451667
2.455000
2.871667
1.190000
0.926667
0.788333
1.633333
4.048333
8.443333
8.996667
5.818333
5.948333
5.248333
5.671667
5.281667
5.633333
5.641667
5.333333
4.980000
5.333333
6.718333
10.005000
9.390000
7.736667
4.406667
3.563333
3.495000
1.933333
1.630000
1.695000
2.268333
4.986667
10.705000
10.636667
6.380000
5.930000
5.510000
5.018333
5.121667
5.683333
5.966667
5.953333
6.050000
6.751667
7.526667
9.088333
8.970000
8.423333
6.678333
3.453333
3.191667
1.858333
1.351667
1.713333
2.803333
5.050000
8.206667
8.528333
6.750000
8.330000
8.115000
7.983333
6.586667
6.511667
6.628333
6.258333
5.843333
6.441667
7.211667
10.111667
11.406667
9.351667
4.800000
4.191667
3.100000
1.861667
1.515000
1.791667
2.931667
7.158333
10.565000
13.511667
9.436667
8.938333
9.211667
8.463333
7.265000
6.221667
6.873333
5.928333
5.751667
6.390000
7.313333
8.418333
8.066667
6.848333
3.953333
3.668333
3.281667
1.681667
1.205000
1.480000
1.910000
2.665000
4.123333
7.415000
8.051667
9.878333
9.370000
9.155000
7.570000
7.536667
6.120000
6.190000
6.683333
7.901667
7.891667
7.705000
5.441667
5.610000
5.391667
3.510000
3.986667
2.320000
1.785000
1.776667
1.921667
2.363333
2.508333
3.856667
6.413333
8.770000
10.648333
11.150000
10.203333
8.285000
6.815000
6.101667
6.160000
8.658333
9.470000
11.891667
10.525000
7.006667
4.415000
3.246667
2.956667
1.515000
0.786667
1.295000
1.713333
5.136667
7.881667
9.896667
7.116667
8.106667
6.516667
6.333333
5.371667
5.521667
5.288333
5.063333
4.445000
5.028333
5.868333
10.181667
9.478333
8.118333
4.355000
3.586667
2.931667
2.050000
1.305000
1.666667
2.098333
5.045000
8.536667
10.841667
7.761667
8.373333
7.956667
7.863333
7.130000
6.331667
5.436667
5.026667
4.500000
5.665000
6.251667
10.271667
10.098333
10.118333
7.033333
3.550000
3.338333
2.213333
1.311667
1.563333
1.866667
5.316667
8.320000
11.813333
7.835000
8.788333
8.488333
7.871667
5.328333
5.303333
5.740000
5.250000
4.916667
5.155000
7.003333
10.210000
8.736667
7.088333
4.633333
4.108333
2.943333
1.686667
0.876667
1.578333
1.780000
4.556667
7.690000
9.246667
6.698333
9.493333
9.666667
6.588333
5.086667
5.895000
5.501667
4.315000
4.673333
6.218333
6.435000
10.008333
10.056667
9.566667
5.721667
3.325000
3.088333
1.663333
0.856667
1.391667
1.910000
5.688333
8.928333
12.816667
8.448333
8.663333
8.101667
8.326667
6.836667
5.606667
5.201667
4.543333
4.628333
5.828333
6.428333
8.725000
8.455000
8.000000
4.823333
3.738333
3.080000
1.855000
1.090000
1.531667
1.991667
3.006667
4.560000
8.855000
10.000000
9.278333
8.221667
8.411667
6.685000
6.328333
6.470000
6.156667
5.710000
6.173333
6.328333
7.361667
6.758333
7.790000
4.981667
3.321667
2.823333
1.806667
1.140000
1.656667
1.833333
2.248333
3.535000
4.690000
5.845000
7.548333
7.116667
7.438333
6.231667
5.638333
4.865000
5.155000
5.086667
4.620000
3.938333
5.090000
4.345000
3.261667
3.261667
2.910000
2.320000
1.421667
0.948333
1.521667
2.043333
5.098333
7.283333
8.808333
5.378333
5.816667
5.090000
5.500000
4.708333
5.050000
5.220000
4.416667
3.990000
4.320000
4.380000
6.463333
6.778333
7.181667
3.401667
2.775000
2.088333
1.278333
0.861667
1.560000
2.105000
5.400000
8.120000
9.006667
6.100000
5.923333
5.651667
5.446667
5.585000
5.561667
5.533333
4.963333
5.486667
5.750000
5.616667
7.103333
7.703333
7.310000
5.026667
4.343333
2.831667
1.935000
1.501667
1.970000
2.815000
5.970000
8.686667
10.136667
6.646667
6.170000
5.350000
5.835000
5.553333
5.548333
5.403333
4.451667
4.671667
4.736667
5.245000
8.635000
8.646667
7.816667
4.230000
3.443333
2.868333
1.803333
1.476667
2.078333
2.573333
5.450000
7.713333
9.565000
7.723333
7.410000
5.395000
5.275000
5.285000
4.870000
5.311667
4.875000
5.046667
5.533333
5.496667
6.375000
6.345000
5.273333
4.136667
3.930000
2.726667
1.533333
0.883333
1.520000
2.033333
5.460000
9.103333
11.416667
6.941667
6.485000
5.801667
5.981667
5.465000
5.015000
4.915000
4.653333
4.501667
5.091667
5.710000
7.775000
8.468333
6.515000
3.526667
3.200000
2.830000
1.635000
1.073333
1.621667
1.903333
2.866667
4.171667
7.051667
7.763333
7.495000
7.140000
7.691667
6.446667
6.111667
5.516667
5.855000
6.260000
6.901667
5.530000
6.580000
6.385000
5.565000
5.356667
3.976667
3.146667
1.845000
1.343333
1.701667
2.078333
2.473333
3.743333
5.818333
7.221667
8.998333
8.790000
9.006667
8.095000
7.220000
5.693333
5.446667
5.840000
6.038333
5.996667
8.616667
8.776667
6.950000
4.413333
3.485000
2.513333
1.448333
0.915000
1.548333
2.111667
4.993333
7.803333
9.788333
7.311667
8.716667
7.693333
7.185000
7.038333
5.290000
5.131667
4.368333
5.030000
5.860000
6.230000
8.153333
8.540000
7.108333
5.178333
3.915000
2.491667
1.303333
0.948333
1.500000
2.453333
5.031667
8.563333
10.605000
7.605000
7.648333
6.898333
7.513333
6.863333
5.938333
5.931667
5.190000
5.495000
5.778333
6.186667
6.996667
9.063333
7.450000
4.723333
3.726667
2.735000
1.636667
1.068333
1.716667
2.381667
5.851667
10.283333
9.980000
5.803333
7.418333
5.736667
4.893333
4.935000
5.965000
5.105000
4.486667
4.395000
5.470000
5.731667
8.543333
8.458333
8.065000
6.226667
3.216667
2.796667
1.403333
1.103333
1.505000
2.503333
5.210000
7.408333
8.216667
5.700000
6.106667
5.903333
5.491667
4.556667
5.061667
5.635000
4.913333
4.526667
5.446667
6.026667
9.223333
9.323333
6.188333
3.743333
2.781667
2.466667
1.520000
1.121667
1.753333
2.230000
5.890000
8.836667
10.310000
6.596667
5.441667
5.530000
5.661667
5.920000
6.025000
5.931667
4.803333
4.775000
5.800000
5.401667
7.550000
6.718333
6.318333
6.301667
4.035000
2.756667
1.613333
1.023333
1.518333
1.845000
2.220000
3.361667
6.556667
6.638333
8.850000
8.721667
8.280000
8.240000
6.341667
5.053333
4.586667
5.450000
6.198333
6.033333
6.261667
6.163333
5.888333
3.375000
3.515000
3.005000
1.800000
1.170000
1.223333
1.583333
2.021667
3.426667
5.371667
6.601667
9.271667
9.591667
8.718333
7.740000
6.431667
5.210000
4.230000
4.960000
5.518333
6.396667
8.196667
7.961667
6.326667
3.910000
4.836667
2.940000
1.548333
1.046667
1.413333
1.993333
5.196667
8.825000
8.065000
6.078333
6.706667
6.833333
6.096667
5.396667
5.298333
5.190000
4.631667
4.815000
5.831667
6.615000
8.238333
8.421667
7.603333
4.026667
3.591667
3.321667
2.265000
1.481667
1.586667
2.188333
5.901667
8.860000
9.341667
6.201667
7.108333
6.105000
6.288333
5.518333
6.065000
5.736667
4.160000
4.181667
5.703333
6.565000
9.340000
8.391667
7.183333
6.673333
3.441667
2.616667
1.680000
0.835000
1.300000
2.438333
5.480000
8.830000
9.608333
6.740000
6.756667
5.248333
5.580000
6.073333
6.276667
5.891667
5.208333
4.941667
5.400000
5.176667
9.123333
9.838333
8.480000
5.068333
3.388333
2.671667
1.598333
0.976667
1.226667
2.220000
4.805000
8.901667
11.333333
7.691667
7.406667
7.748333
7.641667
5.188333
5.600000
5.361667
4.625000
4.268333
5.708333
5.646667
9.500000
9.873333
8.370000
5.718333
3.428333
2.580000
1.793333
1.140000
1.443333
2.415000
6.048333
8.913333
8.990000
6.768333
6.733333
5.833333
5.966667
5.321667
5.540000
5.833333
4.651667
4.605000
5.431667
5.606667
8.165000
7.078333
6.228333
4.046667
3.066667
2.745000
1.908333
1.138333
1.650000
1.846667
2.605000
4.343333
6.733333
7.296667
9.178333
8.966667
7.858333
7.570000
6.880000
6.040000
6.420000
6.518333
6.703333
5.370000
7.571667
7.136667
5.316667
5.105000
3.628333
2.533333
1.846667
1.203333
1.558333
1.523333
2.100000
2.998333
4.615000
6.385000
8.753333
9.013333
9.488333
8.676667
6.605000
5.296667
5.361667
6.091667
6.366667
5.290000
7.331667
8.311667
6.643333
3.715000
2.903333
2.551667
1.546667
0.993333
1.686667
2.311667
5.448333
9.346667
9.561667
6.933333
7.176667
6.356667
6.063333
5.478333
5.315000
4.741667
4.491667
5.270000
6.345000
5.371667
9.303333
8.191667
8.155000
4.978333
3.136667
2.780000
1.546667
0.990000
1.668333
2.340000
5.518333
9.536667
10.861667
7.628333
8.536667
8.271667
7.593333
6.913333
5.748333
5.001667
4.683333
4.493333
5.360000
4.715000
9.248333
8.875000
7.473333
4.213333
2.980000
3.231667
1.825000
1.270000
1.628333
2.403333
5.795000
9.191667
9.508333
6.816667
6.131667
6.150000
6.030000
5.595000
4.760000
5.133333
4.761667
4.503333
5.615000
7.580000
10.155000
9.430000
7.241667
5.596667
4.658333
3.130000
1.658333
1.138333
1.513333
2.441667
4.716667
7.253333
8.800000
7.625000
7.411667
5.736667
5.578333
5.583333
5.971667
4.951667
4.466667
5.071667
6.285000
6.426667
8.043333
6.365000
6.753333
4.500000
4.206667
3.931667
2.320000
1.513333
2.035000
2.710000
6.161667
9.151667
10.816667
9.140000
10.413333
8.556667
7.455000
6.093333
5.980000
5.193333
5.818333
6.900000
9.065000
9.593333
9.610000
8.235000
6.126667
4.640000
6.498333
4.215000
2.858333
2.136667
2.001667
2.183333
2.381667
2.956667
4.828333
6.195000
8.640000
9.476667
9.731667
10.108333
8.470000
6.763333
6.260000
6.493333
8.266667
7.116667
8.753333
8.600000
6.251667
3.671667
3.396667
3.098333
1.900000
1.470000
2.261667
2.300000
2.326667
3.585000
5.065000
6.925000
10.110000
10.138333
9.535000
8.916667
7.241667
5.890000
5.226667
6.613333
6.800000
5.686667
7.678333
7.701667
6.361667
4.035000
5.218333
3.521667
1.448333
1.060000
1.666667
2.426667
5.520000
8.410000
9.221667
6.825000
6.590000
6.308333
6.511667
6.121667
5.438333
5.346667
5.020000
4.976667
6.595000
7.186667
9.385000
9.330000
7.081667
4.513333
3.580000
3.086667
1.948333
1.736667
2.171667
2.578333
5.533333
7.563333
8.053333
10.000000
7.051667
6.408333
6.098333
5.396667
5.875000
5.438333
5.218333
5.010000
5.846667
6.108333
7.385000
9.075000
7.788333
6.268333
3.750000
3.023333
1.336667
1.175000
1.588333
2.015000
5.486667
8.960000
8.113333
6.958333
6.863333
6.135000
6.281667
6.270000
6.313333
6.211667
4.805000
4.496667
5.420000
5.833333
9.010000
9.710000
7.256667
4.110000
3.250000
2.748333
1.463333
1.078333
1.588333
2.021667
4.053333
7.171667
8.436667
7.086667
6.716667
9.015000
8.460000
7.005000
5.203333
5.188333
4.720000
5.341667
6.075000
6.635000
7.898333
9.516667
7.725000
6.330000
4.206667
2.551667
1.348333
1.111667
1.565000
2.013333
5.010000
8.725000
9.531667
7.473333
6.715000
5.658333
4.838333
4.676667
5.513333
5.360000
5.360000
5.181667
5.881667
6.001667
7.563333
7.751667
5.515000
3.610000
3.671667
3.060000
1.591667
1.083333
1.496667
1.363333
2.111667
3.918333
5.303333
7.365000
9.113333
8.753333
7.255000
6.786667
7.050000
5.331667
5.030000
5.798333
6.928333
6.643333
7.871667
7.335000
5.870000
5.671667
5.215000
3.936667
2.601667
1.973333
2.048333
1.801667
2.191667
3.535000
5.003333
6.676667
9.335000
9.778333
10.221667
8.645000
6.633333
5.756667
4.110000
5.363333
6.286667
6.625000
9.413333
8.315000
6.796667
4.598333
3.590000
2.520000
1.193333
1.350000
1.471667
2.153333
4.291667
4.900000
5.423333
4.648333
6.208333
5.915000
5.235000
4.910000
5.053333
4.805000
4.076667
3.738333
4.138333
4.306667
5.103333
5.835000
4.940000
3.045000
2.876667
2.161667
1.113333
1.300000
1.548333
2.020000
4.403333
6.045000
6.521667
5.643333
6.633333
5.840000
4.823333
4.708333
5.300000
4.668333
3.855000
3.428333
5.075000
5.081667
5.980000
7.340000
6.325000
6.133333
3.786667
2.603333
1.475000
1.793333
1.918333
2.261667
4.941667
7.203333
7.605000
6.240000
5.905000
5.658333
5.258333
4.265000
4.455000
4.450000
4.745000
4.158333
4.443333
4.776667
6.943333
6.921667
6.058333
3.631667
3.136667
2.648333
1.435000
1.681667
1.868333
2.516667
4.005000
5.405000
8.536667
8.018333
7.446667
8.283333
7.568333
6.213333
4.988333
4.163333
3.665000
3.835000
5.448333
4.600000
7.653333
8.210000
5.460000
4.525000
4.476667
2.221667
1.193333
1.290000
1.546667
1.855000
4.521667
7.930000
7.211667
6.536667
7.395000
6.570000
5.978333
6.148333
5.976667
4.801667
3.995000
4.583333
5.146667
4.506667
6.950000
6.775000
5.611667
3.956667
3.265000
2.745000
1.208333
1.293333
1.453333
1.448333
1.880000
3.451667
5.121667
6.323333
7.318333
9.130000
7.705000
6.426667
6.816667
5.335000
5.133333
5.330000
6.253333
5.260000
6.976667
5.698333
6.371667
5.176667
4.071667
3.625000
1.916667
2.213333
2.190000
1.890000
2.491667
3.813333
5.085000
6.460000
7.575000
9.536667
8.840000
7.826667
6.266667
5.275000
3.585000
3.998333
5.095000
5.606667
8.136667
7.081667
5.788333
3.773333
3.678333
2.708333
1.100000
1.255000
1.531667
2.003333
4.400000
8.065000
9.020000
7.225000
7.678333
7.238333
5.980000
6.301667
5.246667
3.808333
3.703333
4.065000
4.246667
5.156667
7.605000
8.138333
6.540000
4.910000
4.828333
3.126667
1.908333
2.101667
2.111667
2.561667
4.771667
7.266667
9.628333
8.326667
9.101667
8.663333
7.691667
5.468333
5.405000
5.901667
5.475000
4.803333
6.250000
4.916667
7.891667
7.446667
5.948333
3.791667
3.680000
3.098333
1.320000
1.566667
1.693333
2.178333
4.080000
5.001667
6.131667
6.295000
7.988333
7.513333
7.715000
7.733333
5.995000
4.648333
3.886667
3.813333
4.341667
5.845000
8.333333
8.001667
6.158333
3.800000
5.311667
2.678333
1.098333
1.241667
1.556667
1.898333
3.308333
4.896667
5.790000
5.906667
6.353333
6.823333
6.876667
6.220000
6.158333
5.295000
4.440000
4.638333
5.420000
5.633333
6.995000
7.343333
5.396667
3.401667
3.330000
2.800000
1.110000
1.121667
1.518333
1.988333
4.866667
8.018333
7.658333
6.760000
7.583333
6.376667
5.341667
6.588333
5.266667
5.110000
5.160000
5.123333
5.600000
5.221667
8.440000
7.253333
7.281667
5.998333
3.780000
3.443333
1.895000
2.205000
1.976667
1.840000
2.503333
4.356667
5.468333
6.788333
7.555000
7.331667
7.901667
7.078333
6.603333
5.491667
5.253333
4.838333
5.748333
5.908333
6.540000
6.450000
5.921667
3.620000
4.091667
3.488333
1.506667
1.830000
2.311667
1.760000
2.405000
4.070000
4.688333
6.296667
8.630000
8.200000
7.685000
6.930000
6.375000
5.701667
5.283333
4.466667
5.316667
6.248333
8.221667
7.288333
6.778333
6.566667
4.275000
3.386667
2.048333
2.458333
2.771667
2.863333
5.173333
7.476667
8.865000
6.571667
6.833333
7.245000
5.951667
5.738333
5.296667
5.383333
4.815000
4.560000
5.735000
5.376667
7.331667
7.485000
6.055000
3.945000
3.361667
3.233333
1.266667
1.725000
2.138333
2.086667
4.630000
7.901667
8.876667
7.313333
7.723333
6.761667
6.698333
5.843333
6.423333
5.711667
5.318333
5.006667
6.310000
6.971667
9.845000
7.906667
6.685000
5.456667
3.926667
2.906667
1.248333
1.535000
1.261667
1.951667
4.333333
7.208333
7.885000
6.891667
6.905000
7.228333
6.195000
6.473333
5.405000
4.863333
4.150000
3.741667
4.505000
6.071667
8.145000
7.993333
6.848333
4.050000
4.013333
3.171667
1.090000
1.270000
1.263333
2.008333
3.551667
6.570000
10.696667
9.888333
10.585000
9.446667
8.951667
8.161667
6.663333
7.291667
6.321667
6.080000
6.703333
6.815000
8.843333
7.963333
7.448333
5.668333
3.650000
3.140000
1.291667
1.540000
1.325000
2.143333
4.353333
7.625000
7.816667
6.431667
6.755000
7.128333
6.360000
5.428333
5.951667
6.215000
5.640000
4.515000
6.126667
6.073333
7.990000
7.845000
5.606667
3.431667
3.011667
3.425000
1.541667
1.576667
1.416667
1.601667
2.236667
4.406667
5.505000
6.128333
8.181667
9.311667
7.495000
6.970000
6.366667
5.565000
5.156667
5.321667
6.608333
6.790000
7.725000
7.053333
6.488333
3.953333
4.321667
3.100000
1.630000
1.850000
1.365000
1.385000
1.865000
3.661667
5.820000
6.203333
8.263333
9.566667
9.911667
8.191667
6.565000
5.536667
4.665000
5.715000
6.461667
6.466667
7.451667
8.520000
7.370000
4.850000
3.456667
2.803333
1.203333
1.506667
1.318333
2.033333
5.401667
8.428333
8.413333
6.708333
8.321667
8.983333
7.996667
6.586667
5.953333
5.803333
5.031667
5.155000
5.930000
5.865000
8.261667
8.546667
6.525000
4.325000
4.030000
3.020000
1.205000
1.368333
1.516667
2.293333
4.528333
8.038333
9.308333
7.390000
8.193333
7.016667
6.831667
6.430000
5.541667
5.630000
5.328333
5.520000
5.921667
5.938333
8.163333
8.030000
7.541667
4.896667
3.706667
3.220000
1.283333
1.331667
1.385000
2.480000
5.065000
9.056667
9.441667
7.311667
7.195000
6.950000
6.926667
5.820000
5.931667
6.468333
5.291667
5.666667
6.271667
5.805000
9.125000
8.910000
8.188333
5.326667
4.505000
3.586667
2.326667
2.335000
2.570000
2.645000
4.726667
7.910000
9.221667
7.876667
7.661667
7.705000
6.205000
5.053333
5.360000
5.751667
5.128333
5.220000
5.013333
4.586667
5.648333
5.310000
5.073333
3.856667
2.840000
2.165000
1.288333
1.411667
1.741667
1.658333
4.068333
6.436667
6.876667
10.000000
5.350000
5.246667
4.745000
4.831667
5.680000
6.268333
5.766667
5.821667
5.665000
4.716667
7.503333
6.865000
6.093333
4.490000
4.006667
2.785000
2.115000
2.268333
2.795000
2.138333
2.748333
3.953333
5.071667
6.438333
7.675000
8.638333
8.238333
7.723333
6.545000
6.310000
5.870000
6.181667
6.201667
4.918333
5.250000
5.151667
5.633333
4.191667
3.653333
3.040000
1.428333
1.608333
1.860000
1.155000
1.838333
2.893333
3.611667
5.218333
8.186667
9.773333
9.351667
8.346667
7.118333
6.675000
5.698333
5.911667
5.866667
5.588333
7.390000
6.773333
5.523333
3.781667
3.323333
3.081667
2.001667
2.158333
2.426667
2.413333
5.536667
8.075000
7.891667
6.161667
6.045000
5.940000
5.928333
5.395000
5.920000
6.408333
5.113333
5.486667
4.830000
4.445000
7.926667
7.223333
5.840000
3.945000
2.941667
2.608333
1.306667
1.295000
1.743333
1.828333
5.183333
9.101667
8.965000
6.566667
7.621667
6.058333
5.516667
5.610000
4.978333
5.716667
5.191667
5.618333
6.191667
5.570000
8.485000
7.768333
6.825000
3.998333
3.478333
2.398333
1.408333
1.375000
1.871667
1.948333
5.076667
8.301667
8.645000
6.103333
7.116667
5.553333
5.343333
4.656667
6.096667
5.353333
4.868333
4.683333
5.811667
5.675000
8.445000
8.791667
7.616667
5.076667
3.866667
2.825000
1.760000
1.778333
2.185000
2.581667
4.701667
7.428333
7.950000
6.641667
7.141667
6.958333
6.421667
5.911667
5.455000
5.483333
4.878333
5.398333
6.318333
5.523333
7.761667
6.975000
7.455000
4.633333
3.893333
2.940000
1.880000
1.921667
2.266667
2.665000
5.043333
8.170000
9.026667
6.416667
6.183333
5.525000
5.988333
5.590000
6.486667
5.805000
5.241667
5.273333
6.721667
5.940000
7.256667
6.768333
6.325000
4.023333
3.828333
3.138333
1.656667
1.373333
2.080000
1.633333
2.115000
3.705000
5.795000
7.726667
8.416667
8.013333
8.208333
7.753333
6.430000
5.590000
4.835000
5.060000
6.353333
5.836667
6.626667
6.341667
5.380000
3.480000
3.478333
3.083333
1.373333
1.296667
2.170000
1.708333
2.101667
3.498333
5.148333
5.933333
8.770000
8.805000
9.770000
9.920000
7.891667
6.603333
5.171667
5.435000
6.085000
5.583333
7.505000
6.526667
5.355000
3.338333
3.313333
2.353333
1.205000
1.010000
1.786667
2.060000
4.270000
8.031667
8.741667
7.016667
8.233333
7.728333
6.723333
5.616667
5.441667
5.071667
4.836667
4.800000
5.930000
5.428333
6.813333
5.878333
5.270000
3.328333
3.666667
3.048333
1.563333
1.653333
2.066667
1.878333
3.356667
4.825000
6.038333
8.050000
10.216667
10.835000
9.795000
8.371667
6.993333
5.785000
5.088333
5.126667
5.660000
6.441667
9.305000
7.848333
6.168333
3.916667
3.163333
2.743333
1.471667
1.338333
1.710000
2.365000
5.618333
9.590000
9.671667
6.136667
7.193333
6.926667
5.523333
4.751667
4.901667
5.555000
4.590000
4.505000
4.880000
5.546667
7.901667
6.863333
6.273333
4.181667
2.938333
2.376667
1.206667
1.225000
2.111667
2.251667
4.841667
8.146667
7.831667
5.743333
5.625000
5.913333
6.470000
5.433333
6.221667
5.985000
5.950000
5.980000
6.346667
6.023333
8.838333
7.918333
6.301667
3.840000
3.120000
2.731667
1.241667
1.283333
1.611667
2.416667
5.465000
9.955000
11.361667
7.781667
8.016667
8.006667
6.838333
5.341667
5.356667
6.081667
5.073333
5.076667
5.441667
6.703333
8.253333
6.591667
6.108333
3.668333
3.415000
2.983333
1.531667
1.250000
1.996667
1.465000
2.098333
3.991667
6.081667
7.328333
8.666667
8.420000
7.201667
8.003333
7.040000
5.915000
5.455000
5.535000
6.210000
5.868333
6.535000
5.691667
5.788333
3.553333
3.331667
3.348333
1.545000
1.343333
2.018333
1.541667
2.325000
3.168333
4.351667
5.918333
9.561667
9.985000
8.686667
8.056667
6.726667
6.016667
5.368333
6.461667
6.035000
6.956667
10.816667
9.175000
6.188333
3.601667
3.195000
3.121667
1.506667
1.675000
2.011667
2.680000
5.570000
10.110000
9.963333
6.751667
7.080000
7.370000
6.418333
5.256667
4.745000
4.766667
4.183333
4.173333
5.041667
5.815000
8.156667
7.248333
5.170000
3.018333
3.186667
2.753333
1.168333
1.086667
1.766667
1.980000
5.518333
9.560000
8.745000
5.610000
6.950000
6.388333
5.226667
4.590000
5.128333
5.015000
4.586667
4.658333
5.480000
6.716667
8.618333
7.133333
4.703333
3.758333
3.036667
2.993333
1.385000
1.308333
1.320000
2.103333
5.608333
8.506667
8.651667
5.506667
5.408333
6.318333
5.768333
4.581667
4.461667
4.681667
4.145000
4.500000
4.448333
4.776667
7.221667
6.193333
4.830000
3.078333
3.031667
2.325000
1.051667
1.161667
1.680000
2.023333
4.488333
7.513333
7.160000
5.428333
4.730000
4.801667
4.620000
4.431667
5.000000
4.986667
3.920000
4.105000
4.608333
4.965000
7.318333
6.366667
4.721667
3.401667
3.070000
2.325000
1.230000
1.071667
1.130000
2.008333
4.851667
8.608333
8.133333
5.343333
5.140000
4.891667
4.723333
4.415000
4.915000
5.041667
4.488333
4.595000
4.406667
4.158333
6.926667
5.953333
3.948333
3.073333
3.618333
2.335000
1.200000
1.056667
1.576667
1.441667
1.945000
3.406667
5.720000
6.590000
8.243333
7.625000
7.890000
7.425000
6.396667
6.026667
5.643333
5.240000
5.610000
4.953333
5.898333
4.783333
4.275000
3.438333
3.843333
3.105000
1.470000
1.185000
1.411667
1.346667
1.610000
2.355000
4.070000
5.475000
8.528333
8.960000
7.608333
6.888333
6.576667
5.743333
4.846667
5.215000
4.630000
4.655000
6.921667
5.745000
4.231667
2.941667
2.920000
2.570000
1.213333
1.051667
1.368333
1.970000
4.345000
7.220000
8.326667
6.266667
7.603333
6.978333
6.253333
5.755000
6.110000
6.131667
5.091667
4.543333
4.761667
5.703333
7.920000
6.948333
4.871667
3.126667
3.133333
2.558333
1.050000
1.050000
1.606667
1.631667
4.233333
8.366667
7.718333
4.865000
6.773333
5.946667
4.913333
4.833333
4.993333
5.128333
4.406667
4.728333
5.533333
5.451667
7.703333
6.641667
4.945000
3.225000
3.076667
2.600000
1.290000
1.195000
1.400000
2.148333
5.328333
9.093333
8.410000
4.853333
5.416667
6.098333
5.991667
5.111667
4.990000
5.338333
4.460000
4.143333
4.108333
4.771667
6.531667
5.935000
4.526667
2.926667
2.975000
2.351667
1.213333
1.016667
1.256667
1.231667
3.898333
7.503333
7.745000
4.605000
5.223333
5.685000
4.735000
4.798333
4.895000
4.676667
3.776667
3.915000
4.948333
5.301667
6.996667
6.538333
5.886667
3.463333
3.075000
2.405000
1.255000
1.466667
1.136667
1.908333
5.178333
9.016667
8.615000
5.126667
4.928333
5.711667
5.698333
5.065000
4.966667
5.290000
4.340000
4.771667
4.331667
4.585000
5.771667
5.506667
3.763333
2.506667
3.191667
2.340000
1.150000
1.010000
1.266667
1.245000
1.575000
2.991667
4.921667
5.803333
7.015000
6.751667
6.521667
5.986667
5.753333
5.601667
4.616667
4.413333
4.066667
4.470000
5.260000
4.328333
3.468333
2.341667
3.053333
2.505000
1.360000
1.141667
1.328333
1.235000
1.290000
2.118333
3.391667
10.000000
8.266667
8.816667
7.995000
7.283333
6.470000
6.023333
5.455000
4.835000
4.908333
5.090000
6.476667
6.203333
4.330000
2.585000
2.361667
2.011667
1.105000
1.051667
0.981667
1.913333
4.635000
8.701667
7.923333
5.515000
5.351667
5.015000
4.633333
4.680000
5.236667
5.388333
4.488333
3.953333
4.290000
5.170000
7.160000
6.305000
4.451667
2.721667
2.723333
2.263333
1.090000
1.218333
1.078333
1.513333
3.418333
6.801667
6.690000
4.805000
5.198333
4.378333
4.235000
4.500000
4.958333
5.296667
4.250000
3.840000
4.613333
5.308333
6.753333
6.043333
4.566667
3.403333
2.565000
2.311667
1.138333
1.053333
0.990000
1.846667
5.123333
8.925000
7.751667
5.066667
5.218333
5.026667
4.605000
4.471667
4.693333
5.270000
4.200000
3.911667
4.371667
4.665000
7.035000
5.961667
4.946667
2.946667
2.888333
2.213333
0.868333
0.821667
0.935000
1.498333
3.771667
7.256667
7.235000
4.935000
4.990000
4.850000
4.960000
4.520000
4.950000
4.813333
4.325000
4.190000
4.456667
5.271667
7.303333
6.335000
4.670000
3.383333
2.851667
2.486667
1.338333
1.293333
0.906667
2.041667
5.320000
8.013333
7.775000
5.633333
5.658333
4.870000
4.548333
5.098333
5.415000
5.386667
4.906667
4.363333
4.531667
4.906667
6.091667
5.640000
4.021667
2.776667
3.501667
2.351667
1.850000
2.013333
0.971667
1.310000
1.478333
3.155000
5.708333
7.173333
8.415000
7.800000
7.290000
5.968333
6.548333
6.121667
5.211667
5.116667
5.586667
4.778333
5.333333
5.108333
4.415000
3.141667
3.536667
3.045000
1.723333
1.408333
1.010000
1.465000
1.356667
1.990000
4.143333
5.926667
9.170000
9.396667
8.651667
7.646667
6.766667
5.688333
4.943333
5.868333
6.516667
6.108333
5.771667
4.648333
4.443333
2.996667
2.545000
2.305000
1.036667
0.895000
2.685000
1.843333
5.146667
7.890000
7.651667
5.498333
6.388333
6.108333
5.691667
5.770000
5.788333
5.650000
5.031667
3.911667
5.183333
5.513333
7.546667
6.353333
5.798333
2.905000
2.958333
2.335000
1.608333
1.061667
0.876667
1.416667
3.423333
7.156667
6.823333
4.688333
5.036667
5.203333
5.286667
4.755000
4.418333
4.271667
4.150000
3.955000
4.538333
5.710000
7.818333
6.411667
4.268333
3.083333
2.783333
2.630000
1.488333
0.916667
0.921667
1.896667
5.445000
7.895000
7.381667
4.780000
4.786667
5.040000
4.846667
4.835000
5.473333
5.550000
4.485000
3.953333
4.660000
5.281667
6.583333
6.375000
4.488333
2.543333
2.651667
2.445000
0.993333
0.940000
0.915000
1.601667
3.476667
6.660000
6.515000
4.840000
4.571667
4.318333
4.133333
4.138333
4.696667
4.753333
4.015000
3.966667
4.135000
4.521667
5.725000
4.818333
3.918333
2.408333
2.908333
2.408333
1.328333
1.145000
1.006667
1.706667
3.203333
3.116667
4.538333
5.715000
8.030000
7.781667
7.141667
6.101667
5.450000
5.103333
4.215000
4.410000
4.408333
3.941667
4.578333
4.195000
3.216667
2.350000
2.430000
2.115000
1.361667
1.141667
0.871667
1.226667
1.498333
2.453333
4.050000
5.733333
7.141667
6.953333
5.776667
4.968333
5.363333
5.106667
4.633333
4.346667
4.226667
4.085000
4.853333
4.970000
3.671667
2.678333
2.938333
2.441667
1.553333
1.773333
1.186667
1.100000
1.186667
1.910000
3.411667
5.413333
7.601667
7.545000
7.618333
6.233333
6.021667
5.278333
4.490000
5.203333
5.223333
5.241667
6.300000
6.218333
4.343333
2.696667
2.438333
2.396667
1.131667
1.098333
1.078333
1.845000
4.753333
7.653333
7.000000
5.786667
5.486667
5.538333
4.975000
4.721667
5.031667
5.375000
4.270000
3.786667
4.230000
5.003333
6.731667
6.230000
4.815000
2.550000
2.326667
2.303333
0.848333
0.840000
0.920000
1.376667
3.138333
6.360000
6.470000
4.790000
5.506667
5.206667
5.055000
4.480000
4.998333
5.241667
4.176667
4.118333
4.436667
5.585000
7.401667
5.885000
4.525000
3.101667
2.293333
1.850000
0.931667
1.063333
0.833333
1.621667
4.871667
7.486667
7.656667
5.288333
4.858333
4.725000
4.390000
4.981667
5.106667
5.291667
4.385000
3.860000
4.116667
4.930000
6.858333
6.115000
4.690000
2.786667
2.330000
2.040000
0.918333
0.838333
0.960000
1.298333
3.160000
6.390000
6.843333
4.938333
4.725000
4.408333
4.285000
4.490000
5.236667
5.593333
4.203333
4.245000
4.921667
5.608333
6.423333
5.868333
4.418333
2.995000
2.350000
1.995000
1.143333
1.251667
0.845000
1.653333
4.631667
7.330000
6.735000
5.076667
4.945000
4.591667
4.728333
5.240000
5.368333
5.768333
4.596667
4.360000
4.908333
4.720000
6.133333
5.458333
3.971667
2.630000
3.018333
1.780000
0.970000
1.025000
0.876667
1.103333
1.480000
2.781667
5.103333
7.031667
7.926667
7.708333
7.495000
7.165000
6.698333
6.026667
4.898333
5.026667
4.653333
4.060000
5.083333
4.571667
3.816667
2.355000
3.046667
2.281667
1.288333
1.371667
0.975000
0.941667
1.076667
1.658333
3.058333
5.405000
7.960000
9.753333
8.648333
7.326667
6.713333
5.953333
4.891667
4.603333
4.571667
4.991667
6.076667
5.541667
4.165000
2.601667
2.248333
1.723333
0.888333
0.875000
0.890000
1.781667
4.450000
7.535000
6.253333
4.980000
5.488333
5.120000
4.988333
4.891667
5.400000
5.273333
4.528333
4.220000
4.645000
4.771667
6.266667
6.058333
4.670000
2.895000
2.568333
2.128333
1.201667
1.105000
1.141667
1.531667
3.665000
6.671667
6.713333
5.263333
5.401667
5.190000
5.096667
5.031667
5.298333
5.093333
4.193333
4.171667
5.038333
5.651667
6.333333
5.866667
4.216667
2.873333
2.428333
1.960000
1.223333
1.110000
1.030000
1.928333
5.023333
7.693333
7.260000
5.413333
5.440000
4.841667
4.698333
4.363333
5.053333
5.558333
4.103333
4.078333
4.236667
5.146667
6.356667
5.905000
4.698333
3.043333
2.361667
1.916667
1.195000
1.186667
1.046667
1.523333
3.351667
6.881667
6.683333
4.621667
4.993333
4.695000
4.421667
4.178333
4.416667
4.485000
3.735000
3.688333
4.546667
5.778333
6.468333
6.105000
4.611667
2.845000
2.453333
1.831667
1.058333
1.148333
1.060000
1.963333
3.681667
7.118333
6.526667
4.620000
4.666667
3.911667
3.825000
4.075000
4.320000
5.243333
4.693333
4.453333
4.631667
4.760000
5.498333
5.206667
3.886667
2.578333
2.741667
2.053333
1.238333
1.048333
1.103333
1.275000
1.813333
2.956667
5.135000
6.388333
7.505000
7.158333
6.261667
5.915000
5.870000
5.843333
5.300000
5.183333
4.671667
4.211667
5.308333
4.766667
3.896667
3.061667
3.035000
2.441667
1.698333
1.506667
1.310000
1.226667
1.211667
1.663333
3.225000
5.233333
8.236667
8.810000
8.533333
7.876667
6.760000
6.326667
5.936667
5.096667
4.985000
4.628333
6.106667
6.155000
5.355000
3.553333
2.991667
2.473333
1.278333
1.346667
1.035000
1.590000
2.116667
4.250000
7.788333
5.935000
5.686667
5.275000
4.921667
4.860000
5.046667
5.088333
4.251667
3.796667
4.590000
5.388333
6.311667
5.683333
4.166667
2.625000
1.981667
1.835000
1.053333
0.933333
0.930000
1.288333
3.785000
7.156667
7.065000
4.460000
4.455000
3.916667
3.698333
4.546667
4.803333
4.625000
3.865000
3.611667
4.471667
4.756667
6.208333
5.941667
4.241667
2.623333
2.071667
1.936667
1.210000
0.980000
1.343333
2.741667
4.396667
7.281667
6.606667
10.000000
4.658333
4.540000
4.256667
4.726667
4.940000
5.140000
4.435000
4.185000
4.450000
4.506667
5.665000
5.268333
3.470000
2.393333
3.038333
2.110000
1.476667
1.306667
1.126667
1.043333
1.475000
2.251667
4.331667
6.498333
9.146667
8.830000
8.308333
7.691667
6.540000
5.478333
4.875000
4.550000
4.718333
4.121667
4.218333
4.540000
3.753333
2.345000
2.483333
2.005000
1.361667
1.106667
1.560000
1.506667
2.356667
4.151667
6.085000
6.490000
6.728333
5.405000
4.881667
4.946667
5.235000
5.148333
4.125000
3.955000
3.928333
4.156667
4.565000
4.765000
3.641667
2.275000
2.573333
2.165000
1.275000
1.220000
1.205000
1.106667
1.826667
2.966667
4.851667
5.756667
7.063333
6.563333
6.635000
6.085000
5.745000
5.308333
5.038333
4.735000
4.305000
3.713333
4.526667
4.348333
3.846667
2.760000
3.020000
2.383333
1.440000
1.060000
1.066667
0.970000
1.421667
2.161667
3.665000
5.288333
7.986667
7.805000
7.145000
6.843333
5.975000
5.351667
5.236667
4.588333
4.430000
5.455000
6.235000
5.516667
3.721667
2.520000
2.205000
2.045000
1.086667
0.891667
1.528333
1.546667
4.113333
7.256667
7.120000
5.251667
5.528333
4.895000
4.215000
4.958333
5.300000
4.901667
3.710000
3.690000
4.116667
5.130000
6.371667
5.580000
4.033333
2.735000
2.191667
2.070000
1.190000
1.008333
1.016667
1.316667
3.623333
6.973333
6.186667
4.598333
5.070000
4.596667
4.328333
4.678333
4.976667
4.958333
3.740000
3.908333
4.471667
5.170000
6.605000
5.836667
4.586667
2.683333
2.135000
1.915000
1.166667
1.146667
1.460000
2.368333
4.600000
7.780000
7.098333
4.811667
4.901667
4.851667
4.730000
4.626667
5.021667
5.471667
3.788333
3.600000
4.220000
5.205000
6.391667
6.105000
4.605000
2.705000
2.376667
2.183333
1.073333
1.096667
1.085000
1.291667
3.486667
7.071667
6.770000
4.755000
4.623333
4.261667
4.585000
4.691667
4.868333
4.933333
3.808333
3.790000
4.210000
4.668333
6.121667
6.146667
5.081667
2.953333
2.476667
1.876667
1.170000
1.185000
1.580000
1.570000
3.915000
7.408333
6.815000
5.013333
4.436667
4.315000
4.196667
4.551667
4.450000
5.108333
4.103333
4.065000
4.516667
3.838333
5.755000
5.048333
3.503333
2.320000
3.013333
2.020000
1.381667
1.033333
1.090000
1.123333
1.586667
3.061667
5.290000
6.758333
8.596667
7.838333
6.503333
6.835000
6.506667
5.500000
4.985000
5.031667
4.506667
4.256667
4.643333
4.338333
3.733333
2.421667
2.775000
2.310000
1.293333
1.081667
1.123333
0.980000
1.421667
1.861667
4.113333
5.658333
8.211667
8.351667
8.186667
7.203333
6.198333
5.486667
4.870000
4.856667
5.483333
4.736667
5.855000
5.561667
3.843333
2.480000
2.573333
1.950000
1.156667
0.960000
1.461667
1.810000
3.958333
7.043333
7.413333
6.023333
6.538333
6.016667
5.911667
5.603333
5.693333
5.516667
4.185000
3.780000
4.418333
5.008333
6.023333
5.893333
4.371667
2.745000
2.500000
2.181667
1.341667
1.198333
1.273333
1.380000
3.476667
6.973333
6.480000
4.708333
4.696667
4.855000
4.401667
4.253333
4.746667
4.583333
3.563333
3.336667
4.125000
4.345000
5.970000
5.428333
4.733333
2.646667
2.508333
2.018333
1.308333
0.968333
1.401667
2.170000
3.383333
5.423333
6.156667
5.140000
6.241667
6.433333
5.638333
5.755000
5.753333
5.253333
4.330000
4.121667
5.133333
5.293333
6.386667
6.016667
4.465000
2.578333
2.136667
1.796667
0.970000
1.143333
1.096667
1.286667
3.293333
7.015000
6.800000
4.968333
4.815000
4.715000
4.728333
4.541667
4.920000
5.221667
3.958333
3.746667
4.345000
4.783333
6.355000
6.068333
4.590000
2.518333
2.651667
1.836667
1.246667
0.925000
1.310000
1.220000
3.465000
6.856667
6.635000
4.811667
5.596667
4.570000
4.350000
4.216667
4.606667
4.930000
4.561667
4.371667
4.771667
4.771667
5.708333
5.821667
4.236667
2.863333
2.766667
2.026667
1.268333
1.046667
1.066667
0.980000
1.633333
2.815000
5.280000
6.495000
7.300000
6.891667
6.195000
5.751667
5.601667
5.700000
5.085000
4.188333
4.148333
3.983333
4.546667
3.928333
3.786667
2.346667
2.846667
2.286667
1.053333
1.165000
1.126667
0.913333
1.176667
1.586667
3.543333
5.265000
8.451667
9.178333
8.586667
7.810000
6.031667
5.821667
4.476667
4.553333
4.975000
4.933333
5.720000
5.308333
3.985000
2.438333
2.330000
2.003333
1.065000
0.828333
1.356667
1.626667
3.575000
6.663333
7.003333
5.761667
5.313333
5.123333
5.151667
4.753333
5.036667
5.345000
4.003333
3.865000
4.613333
4.723333
6.656667
5.815000
4.266667
2.455000
2.426667
1.941667
1.108333
0.950000
0.896667
1.140000
3.525000
7.051667
6.673333
4.913333
4.990000
4.768333
5.200000
5.143333
5.268333
5.613333
4.105000
3.693333
4.588333
5.058333
5.960000
5.868333
4.570000
2.571667
2.326667
1.916667
1.246667
1.075000
1.418333
2.375000
4.581667
7.205000
6.795000
4.465000
4.746667
4.705000
4.681667
4.563333
4.656667
5.173333
3.860000
3.545000
4.250000
5.126667
5.861667
5.838333
4.393333
2.558333
2.396667
2.161667
1.291667
1.070000
1.150000
1.516667
3.423333
7.050000
6.870000
4.968333
4.858333
4.796667
4.783333
4.455000
4.800000
4.966667
3.990000
4.113333
4.006667
4.755000
6.260000
5.991667
4.343333
2.336667
2.338333
2.021667
1.200000
1.170000
1.590000
1.338333
3.735000
7.025000
6.846667
5.188333
5.163333
4.690000
4.438333
4.706667
5.008333
5.331667
4.801667
4.236667
4.515000
4.330000
5.575000
5.558333
3.973333
2.661667
3.046667
2.053333
1.175000
0.985000
0.920000
1.020000
1.635000
3.236667
5.621667
6.716667
8.543333
8.025000
7.086667
6.860000
6.960000
5.966667
5.098333
4.986667
5.288333
4.421667
4.598333
4.335000
3.793333
2.301667
2.905000
2.328333
1.561667
1.168333
1.031667
0.940000
1.266667
2.240000
4.373333
6.675000
8.788333
9.691667
8.218333
6.948333
6.873333
6.236667
5.303333
4.723333
4.693333
4.588333
5.803333
4.985000
3.768333
2.931667
2.563333
2.500000
1.268333
0.955000
1.460000
1.943333
3.693333
6.695000
7.153333
4.770000
5.485000
5.325000
4.868333
4.478333
4.906667
5.388333
4.116667
4.261667
4.205000
4.756667
6.410000
6.025000
4.360000
2.540000
2.198333
2.048333
1.176667
1.133333
1.061667
1.311667
3.551667
6.405000
6.273333
4.693333
4.670000
4.526667
4.525000
4.310000
4.940000
4.910000
3.975000
3.650000
4.581667
5.061667
6.411667
6.003333
4.148333
2.763333
2.498333
2.036667
1.335000
1.058333
1.305000
2.496667
4.786667
7.113333
7.143333
5.378333
5.580000
5.515000
5.551667
5.126667
5.643333
5.843333
4.936667
4.666667
4.985000
5.098333
6.250000
6.051667
4.290000
2.793333
2.421667
2.426667
1.260000
1.188333
1.100000
1.160000
3.546667
6.741667
6.988333
5.425000
6.318333
6.033333
5.450000
5.155000
5.556667
5.551667
4.800000
3.955000
4.183333
4.851667
6.356667
5.795000
4.790000
2.551667
2.545000
2.021667
1.083333
1.001667
1.593333
1.468333
3.553333
6.796667
6.671667
10.000000
5.383333
4.513333
4.386667
4.726667
5.171667
5.283333
4.471667
4.433333
4.501667
4.195000
5.693333
5.505000
3.981667
2.891667
3.315000
2.015000
1.556667
1.271667
1.191667
1.211667
1.721667
3.015000
5.426667
6.463333
8.188333
7.843333
7.000000
6.525000
6.686667
6.018333
5.385000
5.200000
5.328333
4.368333
4.650000
4.495000
3.713333
2.740000
2.960000
2.543333
1.453333
1.291667
1.211667
1.148333
1.456667
2.045000
4.005000
5.738333
8.601667
9.886667
8.498333
7.811667
8.100000
6.265000
5.176667
5.016667
5.305000
4.855000
6.328333
5.571667
4.293333
2.700000
2.671667
2.316667
1.410000
1.316667
1.711667
2.056667
4.043333
7.045000
6.845000
5.238333
6.133333
5.848333
5.706667
5.161667
5.028333
5.380000
4.036667
3.706667
4.471667
5.135000
7.006667
6.651667
4.866667
2.795000
3.133333
2.206667
1.415000
1.258333
1.216667
1.616667
3.586667
6.956667
6.475000
5.285000
7.016667
4.956667
4.761667
5.028333
5.130000
5.740000
4.591667
3.903333
4.346667
5.116667
6.683333
5.991667
4.836667
2.813333
2.598333
2.145000
1.318333
1.220000
1.708333
2.693333
5.020000
7.005000
7.351667
5.291667
5.621667
5.386667
5.175000
4.770000
4.931667
5.286667
4.596667
4.048333
4.196667
4.808333
6.018333
4.846667
3.708333
2.630000
3.153333
2.138333
1.438333
1.196667
1.218333
1.328333
1.661667
2.441667
4.590000
6.468333
8.853333
9.255000
8.443333
7.758333
6.973333
6.555000
5.410000
5.218333
4.540000
4.016667
4.981667
4.908333
3.426667
2.616667
3.096667
2.153333
1.475000
1.300000
1.646667
1.463333
2.555000
3.680000
5.253333
6.223333
6.730000
5.561667
4.993333
5.018333
5.626667
5.605000
5.505000
4.913333
4.416667
4.118333
5.221667
4.735000
3.926667
2.953333
3.000000
2.201667
1.460000
1.220000
1.276667
1.373333
1.658333
2.190000
4.503333
6.218333
9.501667
9.013333
7.620000
6.966667
6.168333
6.063333
5.021667
4.938333
4.515000
4.045000
4.755000
4.635000
3.883333
2.798333
2.928333
2.471667
1.530000
1.350000
1.365000
1.146667
1.408333
1.823333
3.913333
5.966667
8.586667
10.055000
8.698333
8.345000
7.258333
6.075000
5.010000
5.291667
5.240000
5.035000
6.170000
5.660000
4.095000
3.085000
2.796667
2.036667
1.233333
1.211667
1.538333
1.976667
3.628333
6.970000
7.013333
5.531667
6.208333
5.658333
5.783333
5.668333
5.546667
5.386667
4.528333
4.181667
4.240000
4.958333
6.485000
6.005000
4.788333
2.840000
2.410000
2.106667
1.296667
1.255000
1.171667
1.658333
3.693333
6.835000
6.461667
5.025000
5.076667
4.980000
4.460000
4.781667
5.100000
5.726667
4.396667
3.880000
4.483333
5.000000
6.961667
6.250000
4.615000
2.901667
2.491667
2.046667
1.250000
1.141667
1.591667
2.418333
4.091667
6.726667
6.816667
5.065000
4.975000
4.993333
4.876667
5.601667
6.001667
5.873333
5.093333
4.868333
4.793333
5.328333
7.436667
7.086667
5.698333
3.626667
3.290000
2.496667
1.878333
1.648333
1.830000
1.966667
3.906667
7.466667
7.726667
5.805000
5.876667
5.806667
5.303333
4.366667
4.628333
5.303333
4.346667
4.378333
4.765000
4.950000
6.398333
6.270000
4.446667
2.831667
2.316667
2.086667
1.275000
1.008333
1.426667
1.451667
3.395000
6.888333
7.010000
4.960000
5.130000
4.463333
4.500000
4.420000
5.206667
5.455000
4.571667
4.110000
4.588333
4.436667
5.533333
5.220000
3.975000
2.656667
3.250000
2.391667
1.318333
1.265000
1.088333
1.116667
1.725000
3.033333
5.146667
6.980000
8.851667
7.485000
6.968333
6.508333
6.443333
5.808333
5.573333
5.405000
4.773333
4.266667
5.145000
4.521667
3.520000
2.581667
3.085000
2.128333
1.235000
1.086667
1.168333
1.258333
1.366667
2.011667
3.980000
6.221667
9.491667
9.900000
8.731667
7.480000
7.113333
6.231667
5.235000
5.081667
5.286667
4.781667
5.755000
5.786667
4.041667
3.015000
2.676667
2.240000
1.208333
1.176667
1.250000
1.891667
3.741667
6.371667
6.833333
5.383333
6.340000
6.203333
5.298333
5.220000
5.740000
5.431667
4.675000
4.568333
4.375000
4.668333
6.961667
6.503333
4.746667
2.955000
2.405000
2.085000
1.280000
1.078333
1.158333
1.471667
3.580000
6.883333
7.378333
4.963333
5.051667
5.391667
5.591667
5.085000
5.245000
5.616667
4.438333
4.201667
4.230000
4.815000
6.328333
6.035000
4.400000
2.910000
2.416667
1.893333
1.211667
1.123333
1.023333
1.378333
3.741667
6.925000
7.031667
5.005000
5.156667
4.486667
4.430000
4.283333
4.626667
4.995000
4.315000
4.221667
4.441667
4.428333
5.903333
6.041667
4.755000
3.046667
2.488333
2.236667
1.423333
1.266667
1.281667
1.655000
3.520000
6.926667
7.080000
5.045000
4.688333
5.905000
5.266667
4.876667
5.050000
5.190000
4.340000
4.378333
4.306667
4.970000
6.216667
6.081667
4.755000
2.948333
2.625000
1.790000
1.223333
1.048333
1.188333
1.431667
3.521667
7.060000
7.430000
5.010000
5.720000
5.173333
5.071667
5.073333
5.103333
5.598333
4.935000
4.521667
4.218333
4.373333
5.766667
4.923333
3.700000
2.675000
3.248333
1.901667
1.336667
1.260000
1.265000
1.203333
1.740000
2.748333
5.436667
6.758333
8.253333
7.820000
6.771667
6.093333
6.121667
6.170000
5.760000
5.320000
4.718333
4.133333
4.511667
4.626667
3.436667
2.810000
3.228333
2.173333
1.463333
1.175000
1.000000
1.033333
1.358333
2.015000
4.171667
6.920000
9.115000
9.345000
7.846667
6.916667
7.176667
6.056667
5.498333
5.033333
5.116667
4.950000
4.943333
5.341667
4.331667
3.028333
3.583333
2.643333
1.836667
1.498333
1.413333
2.168333
2.688333
3.920000
6.480000
7.293333
7.953333
7.233333
6.061667
5.690000
6.161667
5.936667
6.483333
6.753333
7.148333
6.450000
6.033333
4.045000
3.343333
3.183333
4.033333
3.458333
2.573333
2.255000
1.513333
1.180000
1.281667
1.601667
2.686667
4.711667
8.705000
10.148333
10.585000
8.980000
5.510000
4.123333
3.900000
3.871667
4.980000
4.571667
4.730000
4.920000
3.815000
2.863333
3.356667
2.103333
1.321667
1.036667
1.005000
0.990000
1.266667
1.761667
3.153333
5.163333
8.623333
10.693333
11.370000
9.643333
5.245000
4.606667
4.766667
4.268333
4.371667
4.081667
4.683333
5.193333
4.200000
3.208333
3.265000
1.890000
1.481667
1.618333
1.101667
1.208333
2.226667
3.586667
5.125000
5.653333
6.933333
7.103333
6.700000
6.093333
5.613333
5.780000
4.818333
4.258333
4.110000
3.901667
4.803333
5.046667
4.271667
2.741667
2.956667
1.838333
1.216667
1.003333
1.096667
1.365000
2.290000
3.696667
5.531667
6.055000
6.950000
6.703333
5.435000
6.090000
6.265000
5.701667
5.666667
4.651667
3.965000
3.928333
5.385000
5.293333
3.841667
2.938333
3.071667
2.060000
1.633333
1.448333
1.086667
1.041667
1.445000
2.216667
3.940000
5.791667
7.906667
7.806667
6.815000
6.595000
7.033333
6.423333
5.211667
4.693333
4.556667
3.900000
4.088333
4.503333
3.553333
2.661667
2.923333
1.991667
1.370000
1.405000
1.020000
0.993333
1.181667
1.768333
3.318333
5.216667
7.828333
8.881667
8.050000
7.018333
6.690000
5.715000
4.678333
4.756667
4.963333
4.326667
4.281667
4.910000
3.843333
2.693333
3.038333
2.465000
1.373333
1.080000
0.991667
1.565000
2.263333
3.320000
5.040000
10.000000
7.666667
6.680000
6.545000
6.586667
6.483333
6.473333
5.795000
5.601667
6.810000
7.108333
7.696667
5.281667
3.423333
3.203333
